# name: debug
# type: sparse matrix
# nnz: 9216
# rows: 96
# columns: 96

1 1 157781385.381810933
2 1 -1812975.516498818
3 1 2486249.728590379
4 1 213347.513211973
5 1 -103966732.770549312
6 1 -18305837.325544652
7 1 -257161.820920663
8 1 -4268.816499995
9 1 11223.537044710
10 1 -8378.304556571
11 1 576181.888639526
12 1 84188.175274072
13 1 -180196.046626448
14 1 -8290.039953444
15 1 23602.617873430
16 1 -15088.648750800
17 1 412864.759436964
18 1 49366.788855890
19 1 -85417.339468620
20 1 -1537.202013806
21 1 10732.571934846
22 1 -5551.639281180
23 1 184477.617494202
24 1 -5444.767257774
25 1 -78313.331830395
26 1 2837.169151566
27 1 14652.233780954
28 1 536.291615892
29 1 175387.887201150
30 1 -21255.867542876
31 1 -34551.132674780
32 1 4074.298497171
33 1 11922.468370870
34 1 1834.773631368
35 1 74615.653631856
36 1 -18677.899324651
37 1 -27319.238124918
38 1 4042.638549806
39 1 11418.467159275
40 1 2878.565855166
41 1 57769.268374613
42 1 -12344.831609825
43 1 -20765.984414298
44 1 3258.364136304
45 1 -201.098611509
46 1 7665.820098603
47 1 56590.963735798
48 1 -6782.906568195
49 1 -15091.896825769
50 1 2525.080761333
51 1 918.410343398
52 1 5082.571922926
53 1 41375.069207477
54 1 -2194.696804202
55 1 -5976.279591799
56 1 2820.979975768
57 1 -1391.444698858
58 1 1885.552816250
59 1 5163.669907623
60 1 2087.100251197
61 1 -4767.451995637
62 1 1283.300768956
63 1 -317.829441209
64 1 1059.064620948
65 1 4875.360365078
66 1 1324.389188881
67 1 -4035.696918665
68 1 1020.314554042
69 1 -106.129704272
70 1 864.063458465
71 1 3555.601096827
72 1 624.879067720
73 1 -3489.155019541
74 1 915.376515645
75 1 540.324908797
76 1 819.934910219
77 1 3211.874229413
78 1 -58.846673056
79 1 -3417.958410701
80 1 931.810289249
81 1 841.596252064
82 1 779.136471923
83 1 3128.341735239
84 1 -296.208776372
85 1 -3510.936954823
86 1 1032.482243526
87 1 1262.682455621
88 1 853.867953494
89 1 3577.821204510
90 1 -616.477780493
91 1 -2840.456661272
92 1 903.799599494
93 1 1141.116412591
94 1 667.283349129
95 1 2533.109419595
96 1 -350.729500061
1 2 -1812975.516498818
2 2 161688703.237067819
3 2 8949733.465539502
4 2 107468213.045929521
5 2 -213404.270796273
6 2 -69596.733195935
7 2 -5770.201813187
8 2 -291907.774145325
9 2 -28031.129989897
10 2 -624150.540517337
11 2 12692.518236259
12 2 39074.404527453
13 2 2093.604076804
14 2 -207431.569827576
15 2 -15883.042602234
16 2 -448538.290847716
17 2 -6246.049929143
18 2 72319.654497984
19 2 10930.236677740
20 2 -96130.305518054
21 2 1351.347737452
22 2 -204377.365217003
23 2 -21713.753405420
24 2 24577.364232442
25 2 12303.355407979
26 2 -87325.462513219
27 2 6811.938770263
28 2 -191723.229113108
29 2 -22208.731483621
30 2 39298.521571200
31 2 10778.257844504
32 2 -45485.920339508
33 2 6086.124293708
34 2 -90754.322442817
35 2 -16126.214639390
36 2 37962.521778104
37 2 9685.009582480
38 2 -38912.217219945
39 2 2523.710454168
40 2 -70786.277497303
41 2 -14768.443856811
42 2 35533.762469979
43 2 -399.538573830
44 2 -20743.655456078
45 2 2369.572336274
46 2 -54777.768710155
47 2 2183.206470243
48 2 -433.303312637
49 2 68.010592876
50 2 -15521.043489266
51 2 825.952512001
52 2 -38326.406383331
53 2 1176.361356919
54 2 2425.291655863
55 2 1655.417877410
56 2 -7294.446734522
57 2 -1396.007331356
58 2 -6245.856334956
59 2 -820.290549472
60 2 -2544.510134334
61 2 874.661729826
62 2 -5126.676554793
63 2 -896.923567253
64 2 -5083.442766698
65 2 -658.044459089
66 2 -645.595239677
67 2 849.939462917
68 2 -4351.097588819
69 2 -659.246563414
70 2 -4010.757326726
71 2 -679.078500550
72 2 -391.595116051
73 2 681.828879189
74 2 -4043.788551140
75 2 -246.073611939
76 2 -3713.886439312
77 2 -625.027690011
78 2 570.181313343
79 2 731.148289204
80 2 -4173.829819481
81 2 -114.590835497
82 2 -3648.954786111
83 2 -649.663268237
84 2 976.299157453
85 2 823.785468494
86 2 -4635.430242151
87 2 -82.152114749
88 2 -4290.181806720
89 2 -775.831367807
90 2 1776.039037016
91 2 675.836306356
92 2 -3964.104021945
93 2 -151.416468918
94 2 -3035.667780179
95 2 -570.098012122
96 2 1258.182804660
1 3 2486249.728590377
2 3 8949733.465539502
3 3 111563733.710124433
4 3 15741464.792709002
5 3 388545.962342074
6 3 56.757584299
7 3 -4297.030091929
8 3 -35571.499839441
9 3 -26747.874740749
10 3 -76828.351761277
11 3 -3082.773853801
12 3 4778.765566740
13 3 -10268.558991754
14 3 -25574.508118561
15 3 -16679.323939454
16 3 -53752.162796337
17 3 11213.608457947
18 3 10082.037742055
19 3 -22538.119201353
20 3 -12647.986913399
21 3 -375.808902444
22 3 -23607.831408405
23 3 47499.574420815
24 3 990.715821260
25 3 -21079.596310769
26 3 -11162.833188028
27 3 2678.636851223
28 3 -22022.729623497
29 3 45997.069025993
30 3 -1654.302530700
31 3 -11797.085748875
32 3 -5187.169286373
33 3 4675.651829876
34 3 -10908.746579439
35 3 25797.369534607
36 3 -2215.776180026
37 3 -8699.335997506
38 3 -6108.182911192
39 3 4472.331379307
40 3 -11664.769796406
41 3 18754.766044984
42 3 1686.037276696
43 3 -4871.568100267
44 3 -3179.296171073
45 3 -409.170113951
46 3 -7646.686026035
47 3 13956.482455692
48 3 -1850.328528489
49 3 -3281.502205274
50 3 -2664.521182457
51 3 -546.831063452
52 3 -6264.291137597
53 3 9288.574648730
54 3 -74.130942940
55 3 -2188.672885347
56 3 -1212.936796264
57 3 -1189.062483766
58 3 -1179.282605399
59 3 2181.729076017
60 3 114.084351595
61 3 -1610.904470067
62 3 -1207.264123067
63 3 -585.998071980
64 3 -1268.290909530
65 3 1651.195072676
66 3 284.792241342
67 3 -1552.420852427
68 3 -1056.814623635
69 3 -329.472754050
70 3 -943.936441808
71 3 1444.589105514
72 3 137.874644607
73 3 -1442.573649761
74 3 -1020.928711682
75 3 151.744539682
76 3 -887.732837974
77 3 1348.474671658
78 3 146.707627064
79 3 -1364.342399284
80 3 -1049.481681135
81 3 340.084393622
82 3 -886.119004303
83 3 1275.317029713
84 3 175.357876556
85 3 -1339.329371174
86 3 -1143.610624728
87 3 515.945375212
88 3 -997.607806607
89 3 1440.637028509
90 3 242.343583310
91 3 -1099.204283887
92 3 -1023.411373660
93 3 475.638150019
94 3 -791.947252052
95 3 994.146547962
96 3 293.367718914
1 4 213347.513211973
2 4 107468213.045929521
3 4 15741464.792709002
4 4 333751706.103122413
5 4 27279.036992769
6 4 -7494945.389708312
7 4 -16656.304384602
8 4 -626062.469440873
9 4 -61955.698809191
10 4 -1388011.307927752
11 4 21808.399662568
12 4 114715.923306170
13 4 -1461.325335068
14 4 -451442.724350528
15 4 -34287.265688030
16 4 -1005373.128442533
17 4 -12591.196983657
18 4 187641.303309949
19 4 15440.784667996
20 4 -188216.763130541
21 4 5703.041387739
22 4 -416261.564883292
23 4 -34238.803312496
24 4 55436.700074826
25 4 18816.199667745
26 4 -172867.052402092
27 4 17203.154196096
28 4 -396429.056455642
29 4 -34378.385404037
30 4 86086.381067027
31 4 16844.315011090
32 4 -81744.615276722
33 4 13096.188109611
34 4 -171563.589214600
35 4 -24429.450465336
36 4 72249.564924890
37 4 13660.735433169
38 4 -66272.603490274
39 4 6467.162741284
40 4 -128480.881716442
41 4 -20063.964821994
42 4 64789.201166057
43 4 -2870.781226965
44 4 -36443.304287091
45 4 4492.858236145
46 4 -103840.621949821
47 4 9315.224243887
48 4 801.556916596
49 4 -1634.629241193
50 4 -24740.445638255
51 4 1618.544714096
52 4 -69600.885888507
53 4 6046.730902711
54 4 7206.878924882
55 4 446.096997654
56 4 -4257.826865808
57 4 -957.404796235
58 4 -3944.830266398
59 4 -16.832850199
60 4 -1416.591036013
61 4 106.798789027
62 4 -3425.308592083
63 4 -668.951703261
64 4 -3881.955874352
65 4 -26.731602782
66 4 -63.995981346
67 4 157.416447201
68 4 -2614.410966458
69 4 -394.013349262
70 4 -2582.108084709
71 4 -101.925422239
72 4 -168.887434177
73 4 94.625324299
74 4 -2429.823347432
75 4 -75.068183925
76 4 -2364.821877937
77 4 -91.863657187
78 4 408.620026445
79 4 144.311017961
80 4 -2469.721812057
81 4 26.685570745
82 4 -2271.254242561
83 4 -124.567232732
84 4 634.058321477
85 4 244.092845201
86 4 -2888.893490142
87 4 105.009039213
88 4 -2925.440584550
89 4 -212.300291496
90 4 1254.907234520
91 4 142.024974315
92 4 -2235.834819827
93 4 12.482950275
94 4 -1715.208979340
95 4 -107.311546634
96 4 703.959368634
1 5 -103966732.770549312
2 5 -213404.270796272
3 5 388545.962342074
4 5 27279.036992769
5 5 333917497.807766855
6 5 31937684.314206876
7 5 571803.417225033
8 5 12358.868924217
9 5 -35525.907909618
10 5 11225.158536474
11 5 -1329664.238205467
12 5 -161944.285243416
13 5 400483.293142828
14 5 22469.532260740
15 5 -59842.091855678
16 5 34720.352736099
17 5 -954132.440689631
18 5 -92869.187987743
19 5 177000.613554616
20 5 10072.949586183
21 5 -22154.266163865
22 5 24104.781342592
23 5 -399579.576892375
24 5 18823.107904232
25 5 163554.604002886
26 5 991.167241646
27 5 -31762.328143159
28 5 12792.365806487
29 5 -382940.837796517
30 5 51545.790137490
31 5 68407.780172036
32 5 -3927.434244482
33 5 -24634.563708127
34 5 4229.740769743
35 5 -156467.724744330
36 5 38070.901249011
37 5 49686.382509695
38 5 -2943.944623346
39 5 -22137.474619774
40 5 2910.377212048
41 5 -113508.240973906
42 5 21630.954841616
43 5 39096.389969992
44 5 -4030.659632892
45 5 -646.913530375
46 5 -10507.604351958
47 5 -113198.111425201
48 5 15197.459099089
49 5 26301.577336375
50 5 -2604.213530555
51 5 -2879.990102458
52 5 -6139.379760456
53 5 -78919.329818044
54 5 5604.066892263
55 5 3847.848086172
56 5 -1207.230943035
57 5 1069.279351927
58 5 -759.823096751
59 5 -3679.423697565
60 5 -1157.525943995
61 5 3409.605900351
62 5 -387.021185599
63 5 175.549342028
64 5 -330.245744333
65 5 -4011.474823485
66 5 -969.447218057
67 5 2624.436453101
68 5 -290.275104075
69 5 134.737126613
70 5 -238.140766652
71 5 -2520.152840726
72 5 -339.764842218
73 5 2295.008223777
74 5 -236.046395386
75 5 -352.032933771
76 5 -220.306381583
77 5 -2266.311576184
78 5 51.483557562
79 5 2199.868166363
80 5 -244.132316307
81 5 -553.227753217
82 5 -200.200926123
83 5 -2141.019033844
84 5 171.311794825
85 5 2350.814326682
86 5 -318.248248923
87 5 -871.302128596
88 5 -238.109634929
89 5 -2682.157129745
90 5 422.694565259
91 5 1733.225049955
92 5 -217.447108367
93 5 -702.569757323
94 5 -150.496223301
95 5 -1550.684331580
96 5 111.130661551
1 6 -18305837.325544655
2 6 -69596.733195932
3 6 56.757584299
4 6 -7494945.389708309
5 6 31937684.314206876
6 6 133216903.726323277
7 6 96208.211386372
8 6 5972.151272985
9 6 -4713.600988726
10 6 28978.061149212
11 6 -194631.484510111
12 6 -169827.785756230
13 6 62471.359817153
14 6 -3342.059580701
15 6 -9362.569327346
16 6 -7357.318579068
17 6 -131165.806524028
18 6 -112084.824781870
19 6 24936.004672281
20 6 -50344.632107945
21 6 -754.574139414
22 6 -114119.848637395
23 6 -50025.069219931
24 6 -736.998294378
25 6 24341.603820615
26 6 -48003.781567170
27 6 1221.536603013
28 6 -109587.395363853
29 6 -49566.155171421
30 6 17377.630293969
31 6 14896.556595076
32 6 -30890.935316110
33 6 1818.958527942
34 6 -63728.024047246
35 6 -27878.070103731
36 6 28857.159314035
37 6 14020.308923511
38 6 -24933.508199700
39 6 -1646.695004910
40 6 -46610.800682812
41 6 -27163.467906494
42 6 26251.147547731
43 6 6167.116274836
44 6 -9488.465482467
45 6 1082.227852422
46 6 -28095.575138851
47 6 -17482.407297869
48 6 -973.876863813
49 6 4939.695989051
50 6 -5909.970022544
51 6 -148.221429951
52 6 -17401.092239751
53 6 -14517.130074077
54 6 -1403.563935758
55 6 1546.423983735
56 6 -2491.906254849
57 6 -81.423115279
58 6 -2197.614440079
59 6 -1194.521928378
60 6 -1112.983816206
61 6 1289.379267976
62 6 -1532.214610837
63 6 -197.161509883
64 6 -1605.827960980
65 6 -1401.919171340
66 6 -542.600057286
67 6 998.782456735
68 6 -1343.104086732
69 6 -130.139317619
70 6 -1337.159853798
71 6 -872.744815285
72 6 -220.269318001
73 6 864.445625737
74 6 -1270.124641867
75 6 -153.427080370
76 6 -1246.539592031
77 6 -802.765139917
78 6 200.431891215
79 6 847.323022035
80 6 -1266.625577278
81 6 -175.435010047
82 6 -1173.522516922
83 6 -778.282133788
84 6 350.239468864
85 6 922.043760027
86 6 -1458.656733394
87 6 -232.603922988
88 6 -1499.053196388
89 6 -938.218509344
90 6 713.994518603
91 6 703.219497621
92 6 -1139.246539496
93 6 -251.129512429
94 6 -872.615998902
95 6 -618.917796611
96 6 371.737161454
1 7 -257161.820920663
2 7 -5770.201813187
3 7 -4297.030091929
4 7 -16656.304384602
5 7 571803.417225033
6 7 96208.211386372
7 7 165722864.572326750
8 7 -3204476.247355422
9 7 4442200.554384741
10 7 221983.950312223
11 7 -107048899.741195336
12 7 -18823144.159207597
13 7 -194323.095357007
14 7 -14669.337226905
15 7 17813.152119869
16 7 -27955.011177603
17 7 442493.223010807
18 7 47475.228234338
19 7 -93315.946425344
20 7 -4871.076752205
21 7 11403.363596572
22 7 -11931.741458453
23 7 199577.231998663
24 7 -2879.250474610
25 7 -96283.323307434
26 7 -2436.569701788
27 7 14858.983255820
28 7 -10385.249408575
29 7 212071.066187816
30 7 -27648.461018428
31 7 -42822.635224635
32 7 3882.046400960
33 7 15003.742788120
34 7 -51.092334684
35 7 90316.013368584
36 7 -22026.710796156
37 7 -30227.525017217
38 7 3387.219208051
39 7 12312.188759322
40 7 1662.522252849
41 7 60804.263638206
42 7 -11192.289676644
43 7 -24231.668483690
44 7 2794.247532565
45 7 422.212193318
46 7 6630.279414081
47 7 65594.271399222
48 7 -5563.583289182
49 7 -19440.193464613
50 7 2178.085040610
51 7 1672.755265056
52 7 4028.323958680
53 7 50218.153906772
54 7 1252.178658190
55 7 -8679.151844838
56 7 3886.868710085
57 7 -2139.432810313
58 7 2448.938212993
59 7 7505.638053751
60 7 3111.883780409
61 7 -8544.275422709
62 7 2621.948920430
63 7 -1325.073082608
64 7 1882.475579942
65 7 8000.314063696
66 7 2375.850064472
67 7 -7922.064110637
68 7 1985.023140199
69 7 -571.496126764
70 7 1557.140945833
71 7 6705.918009564
72 7 1392.593678971
73 7 -6029.255958856
74 7 1370.966003000
75 7 770.095689139
76 7 1221.278475331
77 7 5397.693604449
78 7 52.134048878
79 7 -5322.745163124
80 7 1221.343722366
81 7 1228.891883320
82 7 1020.533738782
83 7 4689.380883683
84 7 -274.211185354
85 7 -5550.693829139
86 7 1347.545102300
87 7 1868.508307866
88 7 1081.927825474
89 7 5281.809454248
90 7 -668.184305304
91 7 -3928.825687442
92 7 1059.437690688
93 7 1502.768473704
94 7 813.625951977
95 7 3490.199779999
96 7 -350.717189034
1 8 -4268.816499995
2 8 -291907.774145325
3 8 -35571.499839441
4 8 -626062.469440873
5 8 12358.868924217
6 8 5972.151272985
7 8 -3204476.247355422
8 8 171107103.873398006
9 8 10580509.475821869
10 8 111494365.121379554
11 8 -222110.246872811
12 8 46224.146277881
13 8 -2217.987595625
14 8 -230008.254316303
15 8 -16437.819765090
16 8 -495214.174697884
17 8 1280.137714750
18 8 59134.661964786
19 8 8579.172351419
20 8 -103731.921267683
21 8 571.661075864
22 8 -217364.596801982
23 8 -17175.889198322
24 8 24931.009963651
25 8 9645.226662207
26 8 -107844.115580578
27 8 10074.692776686
28 8 -236552.555920407
29 8 -18377.548569314
30 8 32423.735308450
31 8 11777.940444284
32 8 -53832.925377652
33 8 7300.618560758
34 8 -104978.948690655
35 8 -16785.890228848
36 8 43829.208331645
37 8 9318.372005478
38 8 -41527.504589687
39 8 2381.856494470
40 8 -72042.741766297
41 8 -13571.849700254
42 8 34840.906661137
43 8 -876.291890259
44 8 -23668.551776297
45 8 2015.772190778
46 8 -61431.850658107
47 8 3418.146586366
48 8 1259.194372401
49 8 -49.782508389
50 8 -19505.077549448
51 8 -135.602755314
52 8 -45134.202551958
53 8 1298.629381928
54 8 4731.389629843
55 8 2257.348299854
56 8 -10420.841620409
57 8 -2088.520809556
58 8 -8691.628800008
59 8 -1040.135678368
60 8 -3586.273077601
61 8 1827.298088979
62 8 -9795.974342294
63 8 -1606.817002423
64 8 -8802.869235935
65 8 -1168.169908395
66 8 -2135.882361039
67 8 1699.922974992
68 8 -8629.475658000
69 8 -1338.634434666
70 8 -7549.103338927
71 8 -1260.424313009
72 8 -1187.035071892
73 8 1043.818360147
74 8 -6867.048537002
75 8 -403.089729424
76 8 -6133.370228167
77 8 -946.303431649
78 8 690.576643124
79 8 965.050168561
80 8 -6256.496921656
81 8 -212.678446010
82 8 -5307.518919908
83 8 -858.985785977
84 8 1234.932307151
85 8 1100.912440485
86 8 -7033.502583512
87 8 -136.257780607
88 8 -6116.904470390
89 8 -993.574661723
90 8 2250.769992865
91 8 814.669526387
92 8 -5255.704782040
93 8 -229.841815628
94 8 -4087.189603735
95 8 -715.738277230
96 8 1553.569530826
1 9 11223.537044710
2 9 -28031.129989897
3 9 -26747.874740749
4 9 -61955.698809191
5 9 -35525.907909618
6 9 -4713.600988726
7 9 4442200.554384741
8 9 10580509.475821869
9 9 113335074.797221869
10 9 16026673.937830968
11 9 334761.681868041
12 9 126.296560588
13 9 -7329.269499792
14 9 -21660.659062052
15 9 -21054.521665552
16 9 -43417.665129517
17 9 5579.458512552
18 9 5753.246754047
19 9 -20402.466283675
20 9 -12920.653579537
21 9 -2504.048987573
22 9 -22681.652045833
23 9 41441.761696968
24 9 1664.409134699
25 9 -25356.593145363
26 9 -12455.270576641
27 9 -155.503579658
28 9 -21272.431456802
29 9 54993.337304286
30 9 -4778.055846220
31 9 -12583.561455506
32 9 -5570.853156535
33 9 4679.939553981
34 9 -10534.329917748
35 9 26532.995117934
36 9 -2625.394510615
37 9 -8669.015462983
38 9 -6656.851443465
39 9 4115.678219343
40 9 -11584.652446051
41 9 17181.033546194
42 9 2188.999958425
43 9 -3973.980980865
44 9 -3854.192904458
45 9 -648.717601943
46 9 -9103.075414130
47 9 11223.072021729
48 9 -943.147738857
49 9 -2590.045384853
50 9 -3921.307903448
51 9 -898.280102153
52 9 -8797.437983873
53 9 6883.940661803
54 9 1130.925397969
55 9 -2900.650723164
56 9 -1699.825374171
57 9 -1667.224910315
58 9 -1658.158975723
59 9 2864.158913024
60 9 177.811937326
61 9 -2910.431923572
62 9 -2013.460241087
63 9 -1270.000933650
64 9 -1982.007010321
65 9 2796.532063847
66 9 260.939441807
67 9 -2944.048000544
68 9 -1970.846645706
69 9 -779.559330254
70 9 -1731.654081024
71 9 2619.921402917
72 9 224.551446423
73 9 -2367.045281448
74 9 -1671.819316081
75 9 159.427878784
76 9 -1439.019832967
77 9 2140.598865024
78 9 228.629473458
79 9 -1984.653816727
80 9 -1588.725855611
81 9 408.354816728
82 9 -1295.125742150
83 9 1781.720937460
84 9 265.531938645
85 9 -1984.068589032
86 9 -1734.144273954
87 9 676.304716340
88 9 -1434.298375935
89 9 1962.259408249
90 9 366.678954813
91 9 -1454.168437571
92 9 -1366.168919669
93 9 552.257118101
94 9 -1056.554451943
95 9 1308.706639302
96 9 383.071341453
1 10 -8378.304556571
2 10 -624150.540517337
3 10 -76828.351761277
4 10 -1388011.307927752
5 10 11225.158536474
6 10 28978.061149212
7 10 221983.950312223
8 10 111494365.121379554
9 10 16026673.937830968
10 10 329095838.600805700
11 10 40464.231288230
12 10 -10333696.367483350
13 10 -6205.531664614
14 10 -494480.830858388
15 10 -33451.616940602
16 10 -1104597.451982901
17 10 -9246.528140546
18 10 150177.411297545
19 10 12266.480865607
20 10 -203750.066638738
21 10 4522.347243031
22 10 -451598.043221981
23 10 -31293.715238252
24 10 58975.117255824
25 10 15712.285398408
26 10 -211174.572490672
27 10 24557.544649347
28 10 -489950.914537816
29 10 -34966.449866221
30 10 74481.905586125
31 10 19604.016651304
32 10 -96977.425555616
33 10 15880.272322137
34 10 -201845.951777648
35 10 -27728.356319971
36 10 85569.214317222
37 10 12937.311466919
38 10 -68866.428237502
39 10 6109.197698007
40 10 -129976.292490693
41 10 -18716.619733088
42 10 64186.767887159
43 10 -3439.590943572
44 10 -42638.753224035
45 10 3876.353318944
46 10 -118853.340583105
47 10 10455.711051758
48 10 4610.207735666
49 10 -1808.200107126
50 10 -31035.984323832
51 10 -72.252631469
52 10 -81650.699544135
53 10 5332.458190896
54 10 11529.181235415
55 10 667.065530981
56 10 -6128.092148594
57 10 -1429.091003039
58 10 -5583.240246848
59 10 -36.104685699
60 10 -1891.287936360
61 10 406.168454430
62 10 -6092.604538092
63 10 -1163.129037422
64 10 -6015.201115772
65 10 -115.313566918
66 10 -883.044427528
67 10 377.316995445
68 10 -5061.495248209
69 10 -829.389868073
70 10 -4620.135925675
71 10 -216.029442704
72 10 -581.687925582
73 10 143.535117644
74 10 -4100.031018821
75 10 -162.875597523
76 10 -3797.489447576
77 10 -138.770096318
78 10 490.528811037
79 10 174.771435309
80 10 -3670.702209637
81 10 -11.274265454
82 10 -3239.848527336
83 10 -158.572830908
84 10 787.598582039
85 10 296.677245047
86 10 -4263.065793179
87 10 101.567407027
88 10 -3979.010770056
89 10 -250.791266584
90 10 1526.395845965
91 10 164.521125163
92 10 -2997.544451771
93 10 -16.137193046
94 10 -2345.619193667
95 10 -137.981903054
96 10 886.012882323
1 11 576181.888639526
2 11 12692.518236259
3 11 -3082.773853801
4 11 21808.399662568
5 11 -1329664.238205467
6 11 -194631.484510111
7 11 -107048899.741195351
8 11 -222110.246872812
9 11 334761.681868042
10 11 40464.231288230
11 11 329293451.925169826
12 11 30538708.196862314
13 11 433648.054927465
14 11 32517.775654962
15 11 -46674.860736064
16 11 51407.447803438
17 11 -1036794.371540691
18 11 -86356.918539475
19 11 190829.724536782
20 11 15170.314691123
21 11 -23497.110060690
22 11 31719.656168944
23 11 -434507.786523503
24 11 15066.304550119
25 11 201068.833050927
26 11 10551.998257667
27 11 -29900.101535250
28 11 29421.868862221
29 11 -470702.726576593
30 11 71677.434465888
31 11 82502.379370429
32 11 -4194.628768967
33 11 -29890.852452071
34 11 6483.638355339
35 11 -186968.843874942
36 11 46147.397764291
37 11 52222.764907632
38 11 -2087.544652591
39 11 -22896.753780221
40 11 3911.550823549
41 11 -116068.613625988
42 11 19724.566638930
43 11 45275.718161967
44 11 -3550.950062255
45 11 -2029.755074216
46 11 -9768.185437431
47 11 -129831.724020019
48 11 12860.552516579
49 11 32117.550876003
50 11 -1802.500097169
51 11 -4511.687006173
52 11 -4563.905770807
53 11 -91724.201376574
54 11 -1117.709588943
55 11 5548.155823100
56 11 -1697.896115924
57 11 1539.415985114
58 11 -980.696716508
59 11 -5374.531686180
60 11 -1824.515797393
61 11 5761.071643323
62 11 -917.201418704
63 11 892.311330550
64 11 -602.522839608
65 11 -5981.815414251
66 11 -1529.793469783
67 11 5022.192682339
68 11 -594.037697915
69 11 498.529857108
70 11 -424.488891077
71 11 -4494.086215483
72 11 -767.262362467
73 11 3913.178329601
74 11 -344.412428519
75 11 -475.146153318
76 11 -317.430773753
77 11 -3660.916138058
78 11 -25.065817405
79 11 3336.567764457
80 11 -300.559539609
81 11 -759.888079728
82 11 -250.434186405
83 11 -3087.929895661
84 11 148.648938689
85 11 3567.003606613
86 11 -380.100578108
87 11 -1215.672427898
88 11 -278.428527496
89 11 -3699.040317165
90 11 429.756667425
91 11 2396.826785330
92 11 -242.277076099
93 11 -906.248280026
94 11 -178.937676790
95 11 -2147.539498704
96 11 100.658261853
1 12 84188.175274072
2 12 39074.404527453
3 12 4778.765566740
4 12 114715.923306170
5 12 -161944.285243416
6 12 -169827.785756230
7 12 -18823144.159207597
8 12 46224.146277883
9 12 126.296560588
10 12 -10333696.367483350
11 12 30538708.196862314
12 12 133593723.922619626
13 12 51239.274565347
14 12 2724.785822786
15 12 -5274.585294332
16 12 1830.485447041
17 12 -100945.736349438
18 12 -148516.075945055
19 12 22295.690459745
20 12 -43276.928802066
21 12 -1065.683021853
22 12 -100152.785489806
23 12 -44978.630897958
24 12 -13590.680676222
25 12 18843.166606003
26 12 -57634.080204655
27 12 5147.579339718
28 12 -139676.420749362
29 12 -38456.453784652
30 12 -4241.111578262
31 12 14190.481789136
32 12 -30404.890200334
33 12 2032.484375187
34 12 -62315.557753776
35 12 -25278.710604748
36 12 27423.508569489
37 12 12983.923327317
38 12 -22218.783395250
39 12 -1947.099189483
40 12 -39916.583788526
41 12 -24617.455707695
42 12 21843.065308752
43 12 7334.381238750
44 12 -7260.097696136
45 12 367.229289901
46 12 -21826.946869236
47 12 -20392.027800060
48 12 -2605.323996822
49 12 6926.325214551
50 12 -4274.351553576
51 12 -943.524040371
52 12 -12341.879064546
53 12 -19418.981931360
54 12 -2705.290169826
55 12 2100.209720190
56 12 -3251.741038144
57 12 -110.232895697
58 12 -2742.631804647
59 12 -1665.378006940
60 12 -1493.744090430
61 12 2121.865192608
62 12 -2859.987597743
63 12 -174.420053752
64 12 -2565.023866571
65 12 -1988.521264439
66 12 -1109.353881842
67 12 1852.995141350
68 12 -2522.487297799
69 12 -202.672889211
70 12 -2280.391304851
71 12 -1531.550769210
72 12 -565.327859765
73 12 1371.176446174
74 12 -1984.460980173
75 12 -224.444885774
76 12 -1855.049736934
77 12 -1235.005429278
78 12 177.641227855
79 12 1204.834183894
80 12 -1714.011283346
81 12 -253.470417779
82 12 -1536.193646942
83 12 -1068.419791963
84 12 367.446409343
85 12 1282.030540798
86 12 -1935.210886579
87 12 -332.835737440
88 12 -1836.448762775
89 12 -1217.079627017
90 12 752.543142183
91 12 915.555217535
92 12 -1416.394199024
93 12 -324.627200039
94 12 -1122.871390980
95 12 -814.000329340
96 12 419.815567518
1 13 -180196.046626448
2 13 2093.604076804
3 13 -10268.558991754
4 13 -1461.325335068
5 13 400483.293142828
6 13 62471.359817153
7 13 -194323.095357007
8 13 -2217.987595625
9 13 -7329.269499792
10 13 -6205.531664614
11 13 433648.054927465
12 13 51239.274565347
13 13 163509972.840849519
14 13 -3373353.095916350
15 13 3303923.891008718
16 13 441110.850047805
17 13 -91487971.615757689
18 13 -16224093.740381960
19 13 -101627.807608444
20 13 -3169.247493801
21 13 11681.461972593
22 13 -8707.355329857
23 13 210951.096464720
24 13 -746.558269315
25 13 -92095.365675502
26 13 -591.702101896
27 13 11171.175465519
28 13 -5472.799723494
29 13 197118.621443791
30 13 -23451.201816771
31 13 -52123.307008300
32 13 4075.004650081
33 13 16373.545046335
34 13 205.447750259
35 13 105599.123848643
36 13 -24818.894138442
37 13 -29585.803395339
38 13 2864.876379008
39 13 11821.463470969
40 13 1448.431726758
41 13 58175.710452673
42 13 -9080.606549834
43 13 -24860.356270353
44 13 2437.144711081
45 13 193.969047246
46 13 6253.966180514
47 13 70023.814501208
48 13 -4589.511423350
49 13 -12002.589321369
50 13 2150.036313616
51 13 -618.096854774
52 13 3762.800556374
53 13 31317.503485492
54 13 -2466.973804799
55 13 -8880.796574373
56 13 3900.902969763
57 13 -2424.150422125
58 13 2341.762228499
59 13 7455.494740580
60 13 3261.365892090
61 13 -11570.465027932
62 13 3744.796867921
63 13 -2316.366026290
64 13 2516.320627674
65 13 10699.406953874
66 13 3590.497137969
67 13 -12909.476328853
68 13 3381.589983735
69 13 -1641.808425029
70 13 2532.206988092
71 13 11091.615717787
72 13 2728.831267175
73 13 -9622.420432628
74 13 2000.415202480
75 13 792.686489416
76 13 1801.074595303
77 13 8562.708921371
78 13 475.830686002
79 13 -11006.390165995
80 13 2261.179697509
81 13 1690.539859405
82 13 1989.098746073
83 13 9866.624347490
84 13 -203.638734437
85 13 -9873.055304160
86 13 2056.843639487
87 13 2460.243408673
88 13 1762.529539324
89 13 9267.445895912
90 13 -662.973378528
91 13 -7956.314437739
92 13 1842.442679460
93 13 2349.473532097
94 13 1552.462554331
95 13 7268.044704657
96 13 -420.298687528
1 14 -8290.039953444
2 14 -207431.569827576
3 14 -25574.508118561
4 14 -451442.724350528
5 14 22469.532260740
6 14 -3342.059580701
7 14 -14669.337226905
8 14 -230008.254316303
9 14 -21660.659062052
10 14 -494480.830858388
11 14 32517.775654962
12 14 2724.785822786
13 14 -3373353.095916350
14 14 167846713.032613456
15 14 10763474.049082926
16 14 95945021.414254501
17 14 -441351.947610947
18 14 -6043127.196921669
19 14 5144.046195445
20 14 -110012.884832638
21 14 -239.309195839
22 14 -220794.861089762
23 14 -8269.957824017
24 14 29934.210121280
25 14 5178.992734262
26 14 -95955.206665498
27 14 7757.620780635
28 14 -204865.681715611
29 14 -8142.493579786
30 14 24604.062828410
31 14 9884.804564165
32 14 -60439.918144921
33 14 8669.711922893
34 14 -115231.691721600
35 14 -12775.378127031
36 14 42727.813801671
37 14 6233.975376013
38 14 -37319.435527108
39 14 2027.518589479
40 14 -63530.379701004
41 14 -8293.819613024
42 14 29795.094324405
43 14 -2096.133818349
44 14 -23323.475566892
45 14 1585.802058695
46 14 -62807.243632468
47 14 6895.124377577
48 14 1773.419073936
49 14 -309.506403117
50 14 -11667.005138115
51 14 425.418191149
52 14 -27973.972587318
53 14 2831.695952192
54 14 22.877419276
55 14 1806.987712374
56 14 -9640.767324264
57 14 -2174.028882320
58 14 -7871.617428299
59 14 -608.910639668
60 14 -3531.973730221
61 14 2129.139242314
62 14 -12455.473845402
63 14 -2256.816920470
64 14 -11020.790223664
65 14 -1113.703852845
66 14 -3330.272548444
67 14 2310.842887521
68 14 -13698.209400864
69 14 -2141.332233078
70 14 -11854.595527444
71 14 -1574.380981246
72 14 -2725.698386868
73 14 1157.676650695
74 14 -10092.012873028
75 14 -696.139456141
76 14 -8957.650011872
77 14 -1059.416028833
78 14 453.057218557
79 14 1533.248110877
80 14 -12032.113311634
81 14 -279.812804404
82 14 -10557.285209013
83 14 -1392.940152470
84 14 1494.215525485
85 14 1482.658101610
86 14 -11366.465923667
87 14 -130.972698464
88 14 -10052.714212603
89 14 -1346.435723012
90 14 2571.011528774
91 14 1312.067469883
92 14 -9537.334848791
93 14 -330.656542793
94 14 -7990.927824632
95 14 -1202.835697904
96 14 2281.757598515
1 15 23602.617873430
2 15 -15883.042602234
3 15 -16679.323939454
4 15 -34287.265688030
5 15 -59842.091855678
6 15 -9362.569327346
7 15 17813.152119869
8 15 -16437.819765090
9 15 -21054.521665552
10 15 -33451.616940602
11 15 -46674.860736064
12 15 -5274.585294332
13 15 3303923.891008717
14 15 10763474.049082926
15 15 113162094.313649446
16 15 13599578.769165806
17 15 4854207.115547429
18 15 241.097563142
19 15 -10443.767747780
20 15 -12453.511538225
21 15 -4634.633895842
22 15 -20600.040243352
23 15 17309.384808430
24 15 2590.884839533
25 15 -15466.106999544
26 15 -10869.813420828
27 15 -1868.293171006
28 15 -16970.325774473
29 15 30766.967127867
30 15 -1865.218116389
31 15 -11262.948215091
32 15 -6938.223484047
33 15 2977.978012734
34 15 -11086.300702840
35 15 21505.096973095
36 15 -1232.645283748
37 15 -5591.695116522
38 15 -6859.875569199
39 15 2384.670974994
40 15 -10998.167606017
41 15 9999.982463755
42 15 3469.115932124
43 15 -1662.327528051
44 15 -4067.392479140
45 15 -820.515456604
46 15 -10003.232536549
47 15 4626.613571766
48 15 -222.639882469
49 15 -1286.098900031
50 15 -2012.500086212
51 15 -604.118198193
52 15 -3934.982291095
53 15 3407.810141408
54 15 -395.042122774
55 15 -2182.989578408
56 15 -1832.615376595
57 15 -1530.419038117
58 15 -1688.302974785
59 15 2202.903137856
60 15 -69.320100094
61 15 -3049.426653571
62 15 -2737.092685199
63 15 -1747.876082163
64 15 -2665.478248526
65 15 2992.745430984
66 15 55.968777792
67 15 -3984.776027376
68 15 -3153.310481884
69 15 -1517.955688878
70 15 -2831.612093451
71 15 3661.996796702
72 15 151.380172467
73 15 -3127.039648007
74 15 -2653.205415312
75 15 -81.728681407
76 15 -2308.418845036
77 15 2799.960496561
78 15 320.596306063
79 15 -3654.549142597
80 15 -3118.808987236
81 15 379.392249566
82 15 -2673.857354471
83 15 3303.283153091
84 15 398.509541953
85 15 -3178.657678098
86 15 -2916.682299601
87 15 700.708969233
88 15 -2507.630663461
89 15 3017.227939682
90 15 540.269926116
91 15 -2685.216397035
92 15 -2567.972689693
93 15 700.257695942
94 15 -2133.708648409
95 15 2459.142656734
96 15 623.574070988
1 16 -15088.648750800
2 16 -448538.290847716
3 16 -53752.162796337
4 16 -1005373.128442533
5 16 34720.352736099
6 16 -7357.318579068
7 16 -27955.011177603
8 16 -495214.174697884
9 16 -43417.665129517
10 16 -1104597.451982901
11 16 51407.447803438
12 16 1830.485447041
13 16 441110.850047805
14 16 95945021.414254501
15 16 13599578.769165806
16 16 289398140.671533644
17 16 43813.197650326
18 16 -22989347.368494768
19 16 6651.274348796
20 16 -215586.007384957
21 16 3103.116295152
22 16 -462924.013353329
23 16 -16582.721957697
24 16 68968.500732535
25 16 7807.294008131
26 16 -190401.193283298
27 16 20614.634085611
28 16 -439476.593376266
29 16 -16567.587249701
30 16 59668.704410275
31 16 17102.213343964
32 16 -109605.125274174
33 16 18846.232200118
34 16 -227127.512387358
35 16 -22411.591569775
36 16 87985.577934528
37 16 8846.819821502
38 16 -63653.144730529
39 16 5330.944961185
40 16 -119779.796902594
41 16 -11971.808714755
42 16 58000.454258291
43 16 -5093.157745381
44 16 -44415.776320605
45 16 3313.288315133
46 16 -128608.118089749
47 16 15510.045581595
48 16 5875.502158844
49 16 -1668.201241670
50 16 -18158.809475414
51 16 1436.245197775
52 16 -52638.750767657
53 16 7193.895143291
54 16 2108.104087212
55 16 593.613660712
56 16 -5884.223241174
57 16 -1495.577134498
58 16 -5054.210678728
59 16 86.630935640
60 16 -2084.795023730
61 16 548.480952741
62 16 -7988.721734840
63 16 -1670.826211955
64 16 -7592.723804616
65 16 -8.322477132
66 16 -1661.103124188
67 16 534.123551195
68 16 -8284.749497062
69 16 -1447.676730454
70 16 -7370.707189912
71 16 -195.938690628
72 16 -1471.491165230
73 16 50.812527484
74 16 -6220.075750928
75 16 -385.627483486
76 16 -5635.488999380
77 16 -59.100399628
78 16 384.913790276
79 16 185.382374989
80 16 -7343.322953424
81 16 -54.590688198
82 16 -6561.889253988
83 16 -173.621771170
84 16 991.058340674
85 16 282.984027010
86 16 -7059.330010049
87 16 103.565446315
88 16 -6448.815994223
89 16 -234.998892191
90 16 1742.398477317
91 16 206.207146251
92 16 -5733.171322952
93 16 -42.972716301
94 16 -4814.011257704
95 16 -189.814008869
96 16 1387.248188751
1 17 412864.759436964
2 17 -6246.049929143
3 17 11213.608457947
4 17 -12591.196983657
5 17 -954132.440689631
6 17 -131165.806524028
7 17 442493.223010807
8 17 1280.137714750
9 17 5579.458512552
10 17 -9246.528140546
11 17 -1036794.371540691
12 17 -100945.736349438
13 17 -91487971.615757689
14 17 -441351.947610947
15 17 4854207.115547429
16 17 43813.197650327
17 17 289590678.714135468
18 17 23379384.446136039
19 17 201529.570216027
20 17 9692.058929145
21 17 -26027.389096131
22 17 19739.689309078
23 17 -449868.458247857
24 17 11358.860009004
25 17 186575.106750237
26 17 4932.857788141
27 17 -23721.204754797
28 17 14702.838933915
29 17 -433047.375521685
30 17 61823.094969459
31 17 97018.990698905
32 17 -5412.011166324
33 17 -31801.271798369
34 17 3524.810274497
35 17 -215572.196600465
36 17 53149.629612767
37 17 49413.987752122
38 17 -2502.105529239
39 17 -21467.922350659
40 17 1430.582358835
41 17 -109612.906656432
42 17 16947.244213156
43 17 47719.182684299
44 17 -3925.576464816
45 17 -2040.829732458
46 17 -11872.983325907
47 17 -142083.458039349
48 17 11526.807352150
49 17 19712.901609233
50 17 -2657.262209644
51 17 -549.597056578
52 17 -6068.773360036
53 17 -59510.197515420
54 17 6842.861050911
55 17 5478.921752987
56 17 -1879.061286332
57 17 1677.598036617
58 17 -1060.589186712
59 17 -4902.360232545
60 17 -1834.759206469
61 17 7593.559202832
62 17 -1557.733931114
63 17 1543.564706194
64 17 -956.412952190
65 17 -7609.346664566
66 17 -2216.181130613
67 17 8125.263239616
68 17 -1225.171990469
69 17 1256.481015215
70 17 -824.504506293
71 17 -7234.807081687
72 17 -1504.151886018
73 17 6118.090805855
74 17 -582.990860888
75 17 -440.525793488
76 17 -539.765469281
77 17 -5581.596962494
78 17 -276.998500945
79 17 6985.780151783
80 17 -618.687906357
81 17 -1031.817746116
82 17 -548.199873220
83 17 -6406.333026649
84 17 112.010778120
85 17 6345.223168001
86 17 -591.399756874
87 17 -1574.839779886
88 17 -488.807583738
89 17 -6192.066026437
90 17 404.389939253
91 17 4977.383226982
92 17 -463.705084174
93 17 -1438.436187247
94 17 -387.049760187
95 17 -4563.953087740
96 17 116.020202331
1 18 49366.788855890
2 18 72319.654497984
3 18 10082.037742055
4 18 187641.303309949
5 18 -92869.187987743
6 18 -112084.824781870
7 18 47475.228234338
8 18 59134.661964786
9 18 5753.246754047
10 18 150177.411297545
11 18 -86356.918539475
12 18 -148516.075945055
13 18 -16224093.740381960
14 18 -6043127.196921670
15 18 241.097563142
16 18 -22989347.368494764
17 18 23379384.446136039
18 18 130917489.316852704
19 18 20697.961034408
20 18 -15686.915427548
21 18 -2194.150026660
22 18 -34986.236782511
23 18 -39421.865873630
24 18 -22310.047510550
25 18 14729.497191308
26 18 -31323.036276423
27 18 1863.229897276
28 18 -72972.409819620
29 18 -28355.247574432
30 18 -10652.300511638
31 18 12483.555046871
32 18 -23708.377092849
33 18 1180.258044799
34 18 -47665.486010284
35 18 -22696.528760811
36 18 16613.272740792
37 18 10589.765463945
38 18 -12707.224938519
39 18 -2808.494951237
40 18 -22085.329715190
41 18 -20910.237020089
42 18 11986.532887167
43 18 8148.292715880
44 18 -2348.485012858
45 18 -127.310179263
46 18 -7974.803034456
47 18 -23330.261739370
48 18 -3990.243397044
49 18 2905.821521842
50 18 -2185.205768978
51 18 221.627424043
52 18 -5957.504293325
53 18 -7758.658427790
54 18 -1277.064259866
55 18 1966.114085670
56 18 -2559.761672815
57 18 58.359242326
58 18 -2025.162044342
59 18 -1474.265700219
60 18 -1330.520569370
61 18 2785.686418631
62 18 -3201.366106328
63 18 -19.270233436
64 18 -2676.687243495
65 18 -2506.688297805
66 18 -1591.977887377
67 18 2936.744904264
68 18 -3645.675601180
69 18 -123.934658329
70 18 -3152.632276735
71 18 -2420.908356002
72 18 -1201.502233698
73 18 2113.370171706
74 18 -2521.905775931
75 18 -283.730541142
76 18 -2301.823391506
77 18 -1888.845429953
78 18 -40.983973218
79 18 2407.649333263
80 18 -3018.320108475
81 18 -354.334087429
82 18 -2730.827243061
83 18 -2159.771627430
84 18 313.671415537
85 18 2167.751139320
86 18 -2807.523854814
87 18 -456.031579036
88 18 -2588.317478735
89 18 -2023.268224280
90 18 656.644080872
91 18 1826.856147779
92 18 -2418.610925988
93 18 -516.504962452
94 18 -2067.148965565
95 18 -1670.688979840
96 18 533.787548258
1 19 -85417.339468620
2 19 10930.236677740
3 19 -22538.119201353
4 19 15440.784667996
5 19 177000.613554616
6 19 24936.004672281
7 19 -93315.946425344
8 19 8579.172351419
9 19 -20402.466283675
10 19 12266.480865607
11 19 190829.724536782
12 19 22295.690459745
13 19 -101627.807608444
14 19 5144.046195445
15 19 -10443.767747780
16 19 6651.274348796
17 19 201529.570216027
18 19 20697.961034408
19 19 160196733.009888172
20 19 -2895473.745077614
21 19 3637596.873884411
22 19 -572326.822313121
23 19 -65635336.142954491
24 19 -6308182.156471846
25 19 -108279.812752748
26 19 4507.845384339
27 19 10683.727035271
28 19 4502.268489542
29 19 216178.754758264
30 19 -27700.513872238
31 19 -59452.872820691
32 19 3842.933321096
33 19 15615.661805083
34 19 1117.734959935
35 19 111665.332671375
36 19 -24672.452887857
37 19 -42933.775455148
38 19 3135.204728590
39 19 14937.959411277
40 19 523.438980309
41 19 80764.283978713
42 19 -15056.487396828
43 19 -21959.155525126
44 19 2145.145815832
45 19 528.104878102
46 19 5157.044267722
47 19 58786.798676983
48 19 -2731.112263512
49 19 -11736.387600120
50 19 2018.971475708
51 19 -424.430051109
52 19 4241.668512654
53 19 30101.867111089
54 19 -3701.196228963
55 19 -5862.555946958
56 19 1943.515360258
57 19 -1555.031708230
58 19 1155.324169365
59 19 5530.301662676
60 19 2030.654208085
61 19 -6841.212553471
62 19 1838.833056676
63 19 -1780.309397575
64 19 1141.494155309
65 19 6131.939958296
66 19 1806.808588982
67 19 -11739.415261673
68 19 2485.973557999
69 19 -2105.449497904
70 19 1676.012975830
71 19 10254.017391182
72 19 2623.559106707
73 19 -12952.988120821
74 19 2466.735685819
75 19 -472.925576655
76 19 2122.530451422
77 19 11876.979219721
78 19 1574.766828056
79 19 -14193.442924794
80 19 2253.178220354
81 19 540.359787775
82 19 2057.581137034
83 19 12943.890485897
84 19 796.477686031
85 19 -13789.926668869
86 19 1964.510800966
87 19 1896.831824217
88 19 1842.800173126
89 19 13052.342116615
90 19 119.553721714
91 19 -12720.907001279
92 19 1723.771000719
93 19 2502.497515863
94 19 1637.631086291
95 19 11665.783072873
96 19 110.035682408
1 20 -1537.202013806
2 20 -96130.305518054
3 20 -12647.986913399
4 20 -188216.763130541
5 20 10072.949586183
6 20 -50344.632107945
7 20 -4871.076752205
8 20 -103731.921267683
9 20 -12920.653579537
10 20 -203750.066638738
11 20 15170.314691123
12 20 -43276.928802066
13 20 -3169.247493801
14 20 -110012.884832638
15 20 -12453.511538225
16 20 -215586.007384957
17 20 9692.058929145
18 20 -15686.915427548
19 20 -2895473.745077613
20 20 161242410.333471209
21 20 8000807.884792426
22 20 67091302.793377914
23 20 572500.352033346
24 20 -1505859.967612783
25 20 2548.330215041
26 20 -113557.810825659
27 20 7385.134707576
28 20 -222775.607761773
29 20 -572.622511830
30 20 34738.821854113
31 20 5051.049018049
32 20 -65691.393143928
33 20 9105.470297284
34 20 -117175.173233376
35 20 -4009.941652270
36 20 38489.244624806
37 20 5545.713713587
38 20 -51576.408853538
39 20 5002.084407064
