1 1.15084843868e-17 2.23405022952e-17 0 1.15084843868e-17 1 7.80134261924e-18 0 2.23405022952e-17 7.80134261924e-18 1 0
0.999999996871 -7.76119855958e-05 -1.52795448959e-05 -0.00140287354005 7.7611421753e-05 0.999999996307 -3.68989401392e-05 -0.000891069671237 1.52824086395e-05 3.68977541566e-05 0.999999999203 0.000382481782917
0.999999999994 3.42799269224e-06 3.81772366159e-08 -0.00242874101807 -3.42799242838e-06 0.99999999997 -6.90863380212e-06 -0.0018423964563 -3.82009193772e-08 6.90863367126e-06 0.999999999976 0.000733610436614
0.999999999067 -3.98331343567e-05 1.66977379904e-05 -0.0036366272004 3.98324453442e-05 0.999999998355 4.1262128191e-05 -0.00284785537209 -1.66993815628e-05 -4.12614630407e-05 0.999999999009 0.00142683910287
0.999999999138 -4.06034519659e-05 -8.70467832457e-06 -0.00461697176156 4.06034092398e-05 0.999999999164 -4.90853271642e-06 -0.00295271810254 8.70487762061e-06 4.90817927257e-06 0.99999999995 0.00253596374206
0.999999999957 -7.81245260325e-06 5.0279750016e-06 -0.00579899296987 7.8123482881e-06 0.999999999754 2.07466529247e-05 -0.00406574424168 -5.02813708262e-06 -2.07466136435e-05 0.999999999772 0.00363340965666
0.999999997055 -7.40421469754e-05 -2.02113243929e-05 -0.00665097074302 7.40423944804e-05 0.999999997184 1.22453819158e-05 -0.0042220355421 2.02104176616e-05 -1.22468783745e-05 0.999999999721 0.00485330231176
0.999999999163 2.05210309358e-05 3.53832487284e-05 -0.00821303420885 -2.05208706691e-05 0.999999999779 -4.52981023036e-06 -0.00451092945112 -3.53833416769e-05 4.52908413143e-06 0.999999999364 0.00709912282164
0.999999999764 -2.16308725369e-05 2.24560459882e-06 -0.01005275102 2.16308173405e-05 0.999999999464 2.45768232117e-05 -0.00396828050367 -2.24613621566e-06 -2.45767746316e-05 0.999999999695 0.0103913852686
0.999999994952 -9.66259621145e-05 2.75567664558e-05 -0.0125951817012 9.6626387239e-05 0.999999995213 -1.54263131131e-05 -0.00450113327219 -2.75552757416e-05 1.54289757461e-05 0.999999999501 0.0142928264456
0.999999995779 -9.01685330508e-05 1.76279624609e-05 -0.0146270005934 9.01684448899e-05 0.999999995922 5.00192371243e-06 -0.0040098136572 -1.76284134052e-05 -5.00033420535e-06 0.999999999832 0.0179233564746
0.999999999134 -4.15478066168e-05 -2.43647970148e-06 -0.0171626741692 4.15477688008e-05 0.999999999016 -1.55187697605e-05 -0.00364958387188 2.43712446984e-06 1.55186685167e-05 0.999999999877 0.0224272070019
0.999999999644 -1.03933245832e-05 2.45878665571e-05 -0.0192569774991 1.03925341011e-05 0.999999999429 3.21491838276e-05 -0.00323268833256 -2.45882006799e-05 -3.21489282859e-05 0.999999999181 0.0263945668952
0.999999999795 -1.98134279462e-05 4.08746454444e-06 -0.0209796616773 1.98135660183e-05 0.999999999233 -3.37821007932e-05 -0.00276700089943 -4.08679520206e-06 3.37821817736e-05 0.999999999421 0.029905970562
0.999999996867 -7.73026732781e-05 1.70218954503e-05 -0.0217900743352 7.73031527389e-05 0.999999996615 -2.81684415665e-05 -0.00212018227698 -1.70197178969e-05 2.81697573244e-05 0.999999999458 0.03205701133
0.999999994909 -0.000100834580234 -3.72984955159e-06 -0.0223900969055 0.000100834672316 0.999999994611 2.46960489094e-05 -0.00147013554647 3.72735931578e-06 -2.46964248818e-05 0.999999999688 0.0340457578846
0.999999997244 -7.22565418071e-05 -1.70760588934e-05 -0.0222622615086 7.22568084016e-05 0.999999997268 1.56120759176e-05 -0.000701025335151 1.70749307722e-05 -1.56133097361e-05 0.999999999732 0.0350491366355
0.999999999725 -1.53373260783e-05 1.77169721298e-05 -0.0219343247355 1.53364694997e-05 0.999999998714 4.83470337879e-05 -0.000809318421629 -1.77177136212e-05 -4.83467620588e-05 0.999999998674 0.0352413970793
0.999999999417 -3.01510666136e-05 1.60003225797e-05 -0.0218107419015 3.01515004053e-05 0.999999999178 -2.71118826633e-05 -0.000876626206556 -1.59995051143e-05 2.71123650812e-05 0.999999999504 0.0354179557941
0.999999999691 -2.43791928544e-05 4.77229209577e-06 -0.0216375689118 2.43791789451e-05 0.999999999699 2.91464349613e-06 -5.3858482221e-06 -4.77236315097e-06 -2.91452715061e-06 0.999999999984 0.0359878411815
0.999999998515 -1.55371348243e-05 5.22294375728e-05 -0.0219296685238 1.55384713575e-05 0.999999999552 -2.55893460926e-05 -5.61883476482e-05 -5.22290399643e-05 2.55901576202e-05 0.999999998309 0.0363951466582
0.999999998327 -5.75797048062e-05 -5.50102030807e-06 -0.02254306562 5.75799172199e-05 0.999999997596 3.86211450667e-05 -7.94115623753e-05 5.49879650077e-06 -3.86214617503e-05 0.999999999239 0.0369225898309
0.999999995845 -8.76806654728e-05 2.49407933036e-05 -0.0232062497973 8.76803197883e-05 0.99999999606 1.38609597186e-05 -7.44671365596e-05 -2.49420085434e-05 -1.38587728443e-05 0.999999999593 0.0373747674273
0.999999995841 -9.06237407833e-05 -1.02966154538e-05 -0.0243928030776 9.0623634683e-05 0.999999995841 -1.03043803402e-05 -4.17484789043e-05 1.02975492325e-05 1.03034471806e-05 0.999999999894 0.0380900016599
0.999999998608 -5.20705402968e-05 8.54152141661e-06 -0.0255695883597 5.20703847536e-05 0.999999998479 1.82094589067e-05 -1.89144177287e-05 -8.54246957999e-06 -1.8209014121e-05 0.999999999798 0.0388371195419
0.999999999532 3.00608717677e-05 5.74768346487e-06 -0.0263449304501 -3.00612323586e-05 0.99999999758 6.27469472473e-05 -1.14992343559e-05 -5.74579722304e-06 -6.27471200004e-05 0.999999998015 0.0393593462101
0.99999999956 -2.96235606298e-05 -1.71802040679e-06 -0.0269689186083 2.96235693349e-05 0.999999999548 5.06715685197e-06 0.000927711749551 1.71787029876e-06 -5.06720774365e-06 0.999999999986 0.040229070315
0.999999998939 -4.6034928966e-05 -1.41140326026e-06 -0.0275499896133 4.60349602635e-05 0.999999998694 2.21826919836e-05 0.000896942632394 1.41038207975e-06 -2.21827569339e-05 0.999999999753 0.0407631664234
0.999999996427 -8.43456109495e-05 5.70824198412e-06 -0.0277878321494 8.43454810318e-05 0.999999996184 2.27561002909e-05 0.000826768409502 -5.71016133952e-06 -2.27556187451e-05 0.999999999725 0.0412079974572
0.99999999505 -9.80699528989e-05 -1.67749775276e-05 -0.0275695459978 9.80708432117e-05 0.999999993782 5.3081269638e-05 0.00170268811992 1.67697717457e-05 -5.30829145115e-05 0.99999999845 0.0417274226743
0.999999997132 -7.53340535518e-05 -7.82423280903e-06 -0.0272401559664 7.5334103997e-05 0.999999997142 6.4472168044e-06 0.00158108459552 7.82374709167e-06 -6.4478062175e-06 0.999999999949 0.041970941909
0.999999998942 -4.40642217904e-05 -1.32143873244e-05 -0.026957646212 4.40640312971e-05 0.999999998925 -1.44155502203e-05 0.00146103171372 1.32150225202e-05 1.44149679258e-05 0.999999999809 0.0422417149834
0.999999992949 -0.000117640019779 -1.6199305729e-05 -0.0268807422515 0.000117639415878 0.999999992386 -3.72753209226e-05 0.00135362714243 1.62036906752e-05 3.7273414983e-05 0.999999999174 0.0426089911951
0.999999998182 -6.02621328273e-05 2.09174948171e-06 -0.0270061127286 6.02620683793e-05 0.99999999771 3.07969766585e-05 0.00128806650727 -2.09360536838e-06 -3.07968505494e-05 0.999999999524 0.0429557220663
0.999999996472 -8.01781320573e-05 -2.50406606058e-05 -0.0274711801783 8.018027131e-05 0.999999993135 8.54418469254e-05 0.00124945686659 2.50338098663e-05 -8.54438543909e-05 0.999999996036 0.0434381330674
0.999999999133 -4.11802348523e-05 -6.21611792824e-06 -0.028368880176 4.1180271049e-05 0.999999999135 5.82302498589e-06 0.000288341811866 6.21587812935e-06 -5.82328096228e-06 0.999999999964 0.0437365654836
0.999999999936 -8.00158008511e-06 -8.04162520374e-06 -0.0295496278707 8.00184285563e-06 0.999999999434 3.2676795741e-05 -0.000657254311105 8.04136373327e-06 -3.26768600867e-05 0.999999999434 0.0441753084741
0.999999998745 -4.55051115423e-05 -2.09644802702e-05 -0.0306419125456 4.55053597896e-05 0.999999998895 1.18410066413e-05 -0.00158726635283 2.09639414207e-05 -1.18419606228e-05 0.99999999971 0.0444899229348
0.999999997719 6.06882673794e-05 -2.96539090831e-05 -0.0319365849259 -6.06873638729e-05 0.999999997694 3.04683262402e-05 -0.00252416447165 2.96557580847e-05 -3.04665265531e-05 0.999999999096 0.0449755073591
0.999999991863 0.000123752663156 3.09604173705e-05 -0.0330256509115 -0.000123752244603 0.999999992251 -1.35205196205e-05 -0.00347371460203 -3.09620903309e-05 1.35166880893e-05 0.999999999429 0.045364588456
0.999999995717 9.25516585797e-05 6.54818058304e-07 -0.0336393615217 -9.25516517811e-05 0.999999995663 -1.03748732039e-05 -0.00350402100809 -6.55778267168e-07 1.0374812555e-05 0.999999999946 0.0459200827818
0.999999999807 1.96503117081e-05 3.74896717669e-07 -0.0339944652049 -1.96503236174e-05 0.999999999302 3.17933991825e-05 -0.00451976228881 -3.74271967191e-07 -3.17934065432e-05 0.999999999495 0.0460472775165
0.999999999658 2.27274419262e-05 1.29609391529e-05 -0.0339953149839 -2.27276224359e-05 0.999999999645 1.39272292192e-05 -0.00463138187073 -1.29606226179e-05 -1.39275237858e-05 0.999999999819 0.0464864126634
0.999999999708 2.02972467286e-05 -1.31024246825e-05 -0.0335142582133 -2.02958774649e-05 0.999999994334 0.000104496277819 -0.00381410561722 1.31045455949e-05 -0.000104496011863 0.999999994454 0.047049377754
0.999999999971 -4.53820856814e-06 6.12835838116e-06 -0.0333040917694 4.53775391318e-06 0.999999997238 7.41866784087e-05 -0.00390833095772 -6.12869503881e-06 -7.41866505975e-05 0.999999997229 0.0472701161324
0.999999996702 8.10513757799e-05 5.24790239772e-06 -0.0331806212022 -8.10517053516e-05 0.999999994741 6.283093135e-05 -0.00402436556743 -5.24280983664e-06 -6.28313564942e-05 0.999999998012 0.0476381905534
0.999999999642 1.52522140787e-05 2.19905800196e-05 -0.033223879584 -1.52532536689e-05 0.999999998766 4.72749483224e-05 -0.00412564100606 -2.19898589448e-05 -4.72752837334e-05 0.999999998641 0.0480668394012
0.999999997902 -6.3758342761e-05 -1.1479616293e-05 -0.0335249223833 6.37592200542e-05 0.999999995046 7.64376812205e-05 -0.00419403422993 1.14747426962e-05 -7.64384129915e-05 0.999999997013 0.0485496228646
0.999999996803 -7.40079059578e-05 3.02856109643e-05 -0.0341496588751 7.40066771923e-05 0.999999996438 4.05716938307e-05 -0.00516786755914 -3.02886134826e-05 -4.05694523636e-05 0.999999998718 0.0487039114627
0.999999997286 -7.36733666365e-05 -4.33809570337e-07 -0.0352185592309 7.36733765529e-05 0.999999997024 2.29033154911e-05 -0.00612301778777 4.32122204666e-07 -2.29033473892e-05 0.999999999738 0.049100657469
0.999999999479 -5.24803256902e-06 -3.18424090368e-05 -0.0365660363985 5.24998375982e-06 0.999999998109 6.12767093847e-05 -0.00705385295448 3.18420873944e-05 -6.1276876525e-05 0.999999997616 0.0495999749771
0.999999995655 6.58910697928e-05 6.59450350099e-05 -0.037831600934 -6.58931518677e-05 0.999999997331 3.15712088336e-05 -0.00797875881676 -6.59429545732e-05 -3.15755540226e-05 0.999999997327 0.0500177468718
0.999999993305 0.000114988293328 -1.29724162543e-05 -0.0386230662676 -0.000114987945894 0.99999999303 2.67801450518e-05 -0.00893783004783 1.29754955671e-05 -2.6778653201e-05 0.999999999557 0.0502326102821
0.999999997238 6.2386044753e-05 4.0401553159e-05 -0.0391964479591 -6.23880156284e-05 0.999999996864 4.87827466415e-05 -0.00897934021881 -4.03985096697e-05 -4.87852670795e-05 0.999999997994 0.0508034337671
0.999999987128 -0.000152642937477 -4.94329422172e-05 -0.039684188407 0.000152642858381 0.999999988349 -1.60383457345e-06 -0.00999408988472 4.94331864552e-05 1.5962889672e-06 0.999999998777 0.0510210642563
0.999999944553 -0.000320931851944 8.88640725319e-05 -0.0396370170899 0.000320919006626 0.999999938062 0.000144526723272 -0.0101276525142 -8.89104502567e-05 -0.000144498197089 0.999999985608 0.0515122567404
0.999999957947 -0.00026450495426 -0.000118926079678 -0.0392807956119 0.000264542364293 0.999999915503 0.000314659810267 -0.00927140181407 0.00011884284055 -0.000314691258021 0.999999943423 0.0520108691029
0.999999946341 -0.000313124039369 -9.62893771379e-05 -0.038986011973 0.000313124423097 0.999999950969 3.97009651804e-06 -0.0093446742944 9.62881292841e-05 -4.00024686066e-06 0.999999995356 0.0520891142359
0.999999968089 -0.000241782728737 -7.32324459825e-05 -0.0388944439481 0.000241794631098 0.999999957554 0.000162563298279 -0.00939735360278 7.31931378762e-05 -0.000162581000304 0.999999984105 0.0522309681228
0.999999992763 -0.000116128586289 -3.14335616334e-05 -0.0390129517855 0.000116128474229 0.999999993251 -3.56676658818e-06 -0.00944617855358 3.14339756248e-05 3.56311623083e-06 0.9999999995 0.0525070643355
0.999999991992 -0.000118541251644 -4.43256153622e-05 -0.039186342573 0.000118543386089 0.999999991814 4.81542404275e-05 -0.00948979881893 4.43199067355e-05 -4.81594945504e-05 0.999999997858 0.0528017377332
0.999999972653 -0.000217374720598 -8.62733513555e-05 -0.0397595270748 0.000217392686771 0.999999954677 0.000208292357497 -0.0104980256301 8.62280699524e-05 -0.000208311106996 0.999999974586 0.0530544993789
0.999999961162 -0.000257422868384 -0.000106811667643 -0.0405263574182 0.000257437941503 0.999999956904 0.000141128918249 -0.0114539022325 0.000106775333229 -0.000141156410144 0.999999984337 0.0532392883149
0.999999956139 -0.000290730381411 -5.65577142012e-05 -0.0416156246495 0.000290735962851 0.999999952865 9.87025715719e-05 -0.0123618087053 5.6529015699e-05 -9.87190106041e-05 0.99999999353 0.0534649043935
0.999999942023 -0.00033759589215 -4.45309176333e-05 -0.0425538565984 0.000337599660671 0.999999939431 8.46467026066e-05 -0.0132700768482 4.45023385569e-05 -8.46617313217e-05 0.999999995426 0.0535845423664
0.999999944155 -0.000323374646809 -8.43748923014e-05 -0.0434866726152 0.0003233869807 0.999999937022 0.000146206968843 -0.0132232261495 8.43276073607e-05 -0.00014623424642 0.999999985752 0.0540638142087
0.999999952915 -0.000299371866285 -6.74205673457e-05 -0.0442947714513 0.000299372583095 0.999999955132 1.06220760598e-05 -0.0141891502517 6.74173843698e-05 -1.0642259429e-05 0.999999997671 0.0543174280595
0.999999914217 -0.000412964890336 -3.20240157822e-05 -0.0445139029558 0.000412966915369 0.999999912729 6.32540118639e-05 -0.0142516145149 3.19978913013e-05 -6.32672312967e-05 0.999999997487 0.0547186649544
0.999999810083 -0.000615559684498 -3.03308451179e-05 -0.0446782673109 0.000615560177475 0.999999810411 1.62466867768e-05 -0.0152930850802 3.03208385621e-05 -1.62653541517e-05 0.999999999408 0.054811313887
0.999999693245 -0.000773908617907 -0.000120727446571 -0.0442534362662 0.000773916156701 0.999999698579 6.24105310279e-05 -0.014408567353 0.000120679110133 -6.25039448046e-05 0.999999990765 0.0551500807023
0.999999576524 -0.000918019889999 -6.4740223538e-05 -0.0436776858486 0.000918013556822 0.999999573844 -9.77864234474e-05 -0.0144982158638 6.48299658303e-05 9.77269496343e-05 0.999999993123 0.0550928587141
0.999999288254 -0.00118814307694 -0.000108662534329 -0.0433406108232 0.00118812641933 0.999999282437 -0.000153233004328 -0.0155556325561 0.00010884451909 0.000153103790437 0.999999982356 0.0548915789783
0.999998722482 -0.00158369824434 -0.00021664477161 -0.0428738008602 0.00158363889683 0.99999870855 -0.000273837062402 -0.0156623458268 0.000217078167099 0.000273493625483 0.999999939039 0.054978872361
0.999998546918 -0.00168413983812 -0.00026426466303 -0.0430040444554 0.00168407637994 0.999998553101 -0.000240170209506 -0.0156534162178 0.000264668760884 0.000239724818642 0.999999936241 0.0550364131527
0.999998120996 -0.00188534451469 -0.000451087354027 -0.0434122384653 0.00188521445339 0.999998181342 -0.000288580070046 -0.0156060063061 0.000451630606506 0.000287729131403 0.999999856621 0.0551404228455
0.999997883982 -0.00200429204673 -0.000463512584269 -0.0440077564441 0.0020041468205 0.999997942533 -0.000313569205224 -0.0165191199931 0.000464140114871 0.000312639594434 0.999999843415 0.0550353820656
0.999997854474 -0.002020783443 -0.000455501442627 -0.0449744698414 0.00202060853824 0.999997884796 -0.000384116600841 -0.0174252151638 0.000456276695615 0.000383195386604 0.999999822486 0.0551667302001
0.999997806819 -0.00203505374195 -0.000494886598258 -0.0461842126689 0.00203492236996 0.999997894214 -0.000265817570012 -0.018334076612 0.000495426509173 0.000264809931217 0.999999842214 0.0554817704873
0.999997985319 -0.00194786266809 -0.000484963796295 -0.0471194214084 0.00194771755361 0.99999805834 -0.000299520139505 -0.0182951637768 0.000485546278758 0.000298574963568 0.999999837549 0.0559939373007
0.999998050742 -0.00191509805746 -0.000480533344493 -0.0477636970255 0.0019149610573 0.999998125734 -0.000285398546825 -0.0192492288399 0.000481079010048 0.000284477787868 0.999999843818 0.0560844587742
0.999997822144 -0.00204680487998 -0.000407794400517 -0.0480232697147 0.00204660888862 0.999997790276 -0.000480452178672 -0.0193492161509 0.000408776891268 0.000479616536672 0.999999801435 0.0566618819837
0.999997743113 -0.00210643751249 -0.000276930554462 -0.0480249066674 0.00210616402027 0.999997297714 -0.000984194014564 -0.0207269977534 0.000279002949308 0.000983608532179 0.999999477336 0.0579601027253
0.999997460433 -0.00224779515455 -0.000162926541166 -0.0481488737515 0.00224750053217 0.999995878596 -0.00178648604073 -0.0226558899747 0.000166941524346 0.00178611532634 0.99999839096 0.0615105277408
0.999997690848 -0.00207166407693 -0.000571408211874 -0.0488402087733 0.00207041294488 0.999995477152 -0.00218152820155 -0.0247211760152 0.00057592502109 0.00218034011311 0.99999745721 0.0660002769788
0.99999805993 -0.00158821091053 -0.00116521329819 -0.0500466346266 0.0015854991736 0.999996041463 -0.00232448936178 -0.0267551336935 0.00116890046501 0.00232263740738 0.999996619508 0.0748491972119
0.999997999219 -0.0011318026181 -0.00164941836336 -0.0515639620905 0.00112786161962 0.999996511967 -0.00238830088042 -0.0294039857076 0.00165211569533 0.00238643578628 0.99999578771 0.0863350045721
0.99999769965 -0.000559837092919 -0.00207057403229 -0.0534225273934 0.000555343226118 0.999997490721 -0.00217028680317 -0.032568962999 0.0020717838437 0.00216913193149 0.999995501279 0.100091220543
0.999996891813 -8.4429442117e-05 -0.00249183404529 -0.0552635434936 7.93144352828e-05 0.999997889992 -0.00205273510136 -0.0351981789595 0.00249200209877 0.00205253108266 0.999994788507 0.111730060531
0.999993897976 0.000508128448513 -0.00345627214707 -0.0586849597749 -0.000515308813756 0.999997710437 -0.00207691521447 -0.039918209372 0.00345520889402 0.00207868358858 0.99999187027 0.128591182751
0.999988112965 0.00128221311421 -0.00470423824414 -0.062913971364 -0.00129101813345 0.99999741975 -0.00186916156095 -0.0439276726151 0.00470182944257 0.00187521259904 0.999987188107 0.14735088324
0.999981712439 0.00187215205411 -0.00575063773938 -0.0668775824179 -0.00188201617777 0.999996766307 -0.00171037728132 -0.0480296115646 0.00574741705725 0.00172116879595 0.999982002226 0.162169203311
0.999969943579 0.00271137880079 -0.00726363294625 -0.0725642166662 -0.00272174427955 0.999995291343 -0.00141753305892 -0.053383868877 0.0072597552752 0.00143726020437 0.999972614743 0.183132918124
0.999955514837 0.00347690411124 -0.00876809466961 -0.0786759228588 -0.00348642504745 0.999993349081 -0.00107081036243 -0.0589341200955 0.00876431324877 0.00110133203213 0.999960986179 0.20516892116
0.999932560286 0.0043496268749 -0.0107682693895 -0.0858878231489 -0.00435737686646 0.999990264135 -0.000696349471495 -0.0645760209465 0.0107651356907 0.000743223917816 0.999941778041 0.228347370122
0.999905464394 0.0055366930795 -0.0125859963565 -0.0924199024258 -0.00554248746683 0.999984549751 -0.000425549798673 -0.0679974311984 0.0125834457611 0.000495267296128 0.999920702658 0.246434481414
0.999857427889 0.00787336711675 -0.0149376700024 -0.102765475066 -0.0078768449197 0.999968962037 -0.000174000216596 -0.0734630323059 0.0149358364 0.000291637119088 0.999888411643 0.271148686994
0.99978950998 0.0102618412803 -0.0177659884792 -0.113850554129 -0.0102623509171 0.999947338738 6.24836679077e-05 -0.0790803103642 0.0177656940973 0.000119850292443 0.999842170419 0.296984685104
0.999707053049 0.0123675222565 -0.0208051070009 -0.124731428313 -0.0123698123534 0.999923490771 1.86191011035e-05 -0.0841404186623 0.0208037454904 0.000238741622898 0.999783550163 0.324602422435
0.999637712037 0.0136793949234 -0.0231801386705 -0.13296941305 -0.0136829291145 0.999906384325 6.14161881821e-06 -0.0892592732633 0.0231780526598 0.00031103280051 0.999731304468 0.346455591559
0.99953556959 0.0151175554386 -0.0264594905655 -0.144046279581 -0.0151216356062 0.999885660479 4.58907469407e-05 -0.0952902850818 0.026457158956 0.000354241340774 0.999649885336 0.378027195175
0.999406848745 0.0164406673366 -0.0302597940982 -0.156819637734 -0.0164497492775 0.99986469241 -5.11999035869e-05 -0.102667148273 0.0302548579578 0.000548935560403 0.999542066268 0.41197681762
0.999239777572 0.0190023645038 -0.0340408146478 -0.172225190587 -0.0190030811015 0.999819379386 0.00030251191649 -0.111177294023 0.0340404146167 0.000344598421367 0.999420397743 0.448134715074
0.999080937769 0.0212795620973 -0.0372083327266 -0.184811970816 -0.021282492533 0.999773451733 0.000317365779514 -0.117288092156 0.0372066566482 0.000474811962806 0.999307479835 0.476977542104
0.998835459594 0.0245589981361 -0.0415280660245 -0.20191190794 -0.0245514386476 0.999698328421 0.00069210733415 -0.126725812964 0.0415325356499 0.000328272417959 0.99913709806 0.517984613667
0.998588545038 0.0260342193221 -0.0462940292424 -0.217649233011 -0.0260145528241 0.999661036348 0.00102735092113 -0.136137483296 0.0463050835284 0.000178417607593 0.998927328391 0.562036320012
0.998334096991 0.0266816242631 -0.0511578118311 -0.232651476847 -0.0266611078594 0.999643942257 0.00108353001276 -0.146421586827 0.0511685070368 0.000282198982233 0.998689994068 0.608992915851
0.998107658923 0.0271000215495 -0.0551968299039 -0.243882413311 -0.0270832779637 0.999632627737 0.00105148409896 -0.153906947539 0.0552050473614 0.000445416754592 0.99847493927 0.646387930604
0.997781453243 0.0282327350176 -0.0602916597692 -0.259435046168 -0.0282029800056 0.999601312499 0.00134460725722 -0.164542847603 0.0603055841784 0.000358780291821 0.99817989751 0.699234016941
0.997434892141 0.029660651602 -0.0651450818271 -0.275196942627 -0.02959360146 0.999560024212 0.00199417898534 -0.175063141917 0.0651755682165 -6.11861124874e-05 0.997873810441 0.755890701069
0.997167733785 0.0301981387782 -0.0688809343114 -0.286475012079 -0.0301054944105 0.999543886443 0.00238291427846 -0.182365959773 0.0689214763595 -0.000302470647961 0.997622041962 0.800833985997
0.996847021782 0.0311588647694 -0.0729735589852 -0.300703114179 -0.0309973875678 0.999513869799 0.00334455421447 -0.193652017964 0.0730422968468 -0.00107201921782 0.997328267746 0.863524456716
0.996544732997 0.0319849563178 -0.076652186572 -0.314758364964 -0.0317760575127 0.99948723326 0.00394369371316 -0.206570820645 0.0767390207513 -0.00149436290942 0.997050093814 0.928390778796
0.996173340641 0.0332025690001 -0.0808471694454 -0.330449384126 -0.0329653985937 0.999447385194 0.00426693387755 -0.21982974899 0.080944165269 -0.00158544660916 0.996717376425 0.995756609371
0.995807457317 0.0352458472052 -0.0844111260829 -0.343762387508 -0.0349649321918 0.999376991348 0.00480444385774 -0.230641713556 0.0845278739152 -0.00183287172207 0.996419429313 1.04770179915
0.995321818766 0.0380375876322 -0.08881226838 -0.360954954171 -0.0377024174667 0.999274154544 0.00544901629073 -0.245639070412 0.0889550718332 -0.00207508758635 0.996033477955 1.11884939006
0.995061536363 0.0401563261959 -0.0907744915557 -0.375000178862 -0.0397983882763 0.999191182739 0.0057505327125 -0.260918225413 0.0909319918475 -0.00210945545529 0.995854870479 1.19298194117
0.994895787408 0.0402717922915 -0.0925232670335 -0.386118034233 -0.0398413352393 0.999184905667 0.00649555951459 -0.275728185174 0.0927094396664 -0.00277615429861 0.995689335468 1.27142135162
0.994728476854 0.0409258935334 -0.0940230215094 -0.394406560514 -0.0404754930815 0.999158113515 0.00669317985892 -0.28757838514 0.0942177891646 -0.00285226844977 0.995547524114 1.33210450674
0.994464769668 0.0432320769683 -0.0957643431018 -0.405648741494 -0.04275920309 0.999060985901 0.00698548504292 -0.305527587296 0.0959764160605 -0.00285201177876 0.995379522388 1.41473386058
0.994289152603 0.0437134503993 -0.0973561260049 -0.414412201542 -0.0433887832631 0.999043395345 0.00545047741496 -0.324201104913 0.0975012538557 -0.00119518671964 0.995234684396 1.49844624666
0.994158659618 0.0450992100025 -0.0980541725947 -0.422175404963 -0.0449037503812 0.998982487171 0.00420041978972 -0.345508810873 0.0981438368304 0.000227116382045 0.995172214097 1.58356461646
0.994158503042 0.0459761602407 -0.0976476498356 -0.426777467323 -0.0458825909678 0.998941698732 0.00320474338411 -0.361334424337 0.0976916509993 0.00129430429099 0.995215889193 1.64901294297
0.994173167339 0.0471338700877 -0.0969438581561 -0.432494876911 -0.0470895138465 0.998886897208 0.00274668371177 -0.382167561342 0.0969654115102 0.00183435990556 0.995286061439 1.73904396698
0.994103612817 0.049479088516 -0.0964874436558 -0.437708661108 -0.0493837222666 0.998774168468 0.00337762881074 -0.401902765147 0.0965362882998 0.0014071961162 0.995328470828 1.83263522037
0.994105267101 0.0507901743016 -0.0957866176233 -0.438737587699 -0.0506542210378 0.998708822537 0.00385197063835 -0.420935819071 0.0958585823615 0.00102273220125 0.9953944375 1.92872387889
0.994260175799 0.0512194095019 -0.0939322889667 -0.435473381538 -0.0510325956289 0.998687333173 0.00439143967715 -0.436218262931 0.0940339141142 0.000427374933921 0.995568902863 2.00290823325
0.994826145449 0.0461923871179 -0.0904831680681 -0.42397936779 -0.0460450022517 0.998932451976 0.00371674009925 -0.455988753984 0.0905582580383 0.000468787450859 0.995891049332 2.10533674873
0.995274117163 0.0421318342331 -0.0874890864631 -0.410633273265 -0.0419657691729 0.999112058892 0.00373737793073 -0.475002859462 0.0875688638942 -4.81687128532e-05 0.996158467191 2.21170846779
0.995842988586 0.0384621692955 -0.0825675700143 -0.397782843001 -0.0383010964777 0.999259993129 0.00353442209089 -0.494979202475 0.0826424109861 -0.000357300992868 0.996579201189 2.32221311183
0.996001347799 0.0378337156051 -0.0809316078345 -0.390576664029 -0.0375400030113 0.999281864236 0.00514820199815 -0.508678571962 0.0810682635627 -0.00208944332708 0.996706361407 2.40795452859
0.996258810178 0.0375066935126 -0.0778564774764 -0.38162477391 -0.0370838978744 0.999288542918 0.00686968064988 -0.529343131884 0.0780587449408 -0.00395675821095 0.996940909183 2.52393538235
0.996586639558 0.0401952362507 -0.0721069541564 -0.369755663937 -0.03973839528 0.999179987985 0.00775961024987 -0.552867431318 0.0723597249548 -0.00486770925649 0.997366720726 2.64084517769
0.997087978106 0.0399172984692 -0.0649782517414 -0.357779691187 -0.0395326170637 0.999192371037 0.00719568275544 -0.572405013514 0.0652130056396 -0.00460596842615 0.99786073625 2.72966804474
0.997465582817 0.0390143652427 -0.0595003394911 -0.339821899814 -0.03866791645 0.999227853549 0.00696339927439 -0.599958168337 0.0597260691178 -0.00464499695943 0.998203997523 2.84984472413
0.997894691732 0.0383353394241 -0.0523123882455 -0.318816736306 -0.0380247542938 0.999252837432 0.00691989491213 -0.627653493724 0.0525385789074 -0.00491616069061 0.998606794034 2.97252890118
0.998316646913 0.036172083387 -0.0453371026832 -0.292133437758 -0.035897766536 0.999331987348 0.00685050519981 -0.654852055394 0.0455546139704 -0.00521147265319 0.998948255766 3.09745551044
0.998716371827 0.0322917605873 -0.0390237215383 -0.268890288843 -0.0320319475259 0.99946044158 0.00726498829903 -0.675922761884 0.0392372652236 -0.0060056569548 0.99921187398 3.19252138553
0.999119201556 0.0283108256114 -0.0309728628702 -0.23598797939 -0.0281296593418 0.999584621798 0.00626946016341 -0.703966592518 0.0311374910115 -0.00539268195127 0.999500563099 3.32046242658
0.999413560717 0.0260812516855 -0.0221879013141 -0.201272453683 -0.0259570597339 0.999645841733 0.00586703980458 -0.73296719871 0.0223330630272 -0.00528766646219 0.999736602751 3.45087304593
0.999615846854 0.0247548580688 -0.0124641775169 -0.16481584657 -0.0246903063594 0.999681063972 0.00530651558004 -0.762015317825 0.0125915642817 -0.00499673270398 0.999908238376 3.58434820109
0.99974207706 0.0218278095071 -0.00627105158191 -0.136299697083 -0.021798177364 0.999751082064 0.00475535234017 -0.78367415032 0.00637328952972 -0.00461742833107 0.999969029789 3.68620695224
0.999821788266 0.0187381459713 0.00229643060338 -0.0964246889014 -0.0187513680524 0.999806898198 0.00587813845272 -0.812412393858 -0.00218584174213 -0.00592015211493 0.999980086749 3.82426574369
0.999792921201 0.0158807047553 0.0127246977467 -0.0527402562729 -0.0159640453544 0.999851601292 0.0064749247018 -0.842988937432 -0.0126199830505 -0.00667672153411 0.999898073514 3.96272195377
0.999545244244 0.0160634453924 0.025520000624 -0.00748601264372 -0.0162205269452 0.999850674216 0.00596018251021 -0.876938769924 -0.0254204487637 -0.00637141994067 0.999656543915 4.10096693123
0.999301089115 0.0140467074866 0.0346413524926 0.0293414884293 -0.0142472962446 0.999883096987 0.00555039731834 -0.902030474243 -0.0345593380065 -0.00604006369651 0.999384395409 4.20628648332
0.999027967964 0.00894670798722 0.0431633599358 0.0829550060889 -0.00918876681644 0.999943132313 0.00541282774196 -0.935136796859 -0.0431124783461 -0.00580418434946 0.999053364768 4.34762097619
0.998413467676 0.00584013488149 0.0560039319002 0.140732446432 -0.00613614732056 0.999968091408 0.00511506217067 -0.968940749673 -0.0559722722406 -0.00545059533587 0.998417445636 4.48873529731
0.997641776075 0.00186530984219 0.0686105476544 0.202129918317 -0.00221531241218 0.999984917949 0.00502556110882 -1.00369423221 -0.0686001386381 -0.0051657035082 0.997630861835 4.63100588333
0.996999419469 -0.00242911170954 0.0773709053506 0.250010233028 0.00201019061648 0.999982899079 0.00549187436702 -1.02828615426 -0.0773829226131 -0.00531986528779 0.996987252838 4.73884996772
0.996008150061 -0.00650572404156 0.0890249435041 0.315906724325 0.00598329736489 0.999963286889 0.00613392421296 -1.06396083426 -0.0890615807397 -0.00557677579809 0.996010509185 4.88154044841
0.994611948709 -0.0119611526754 0.102975736518 0.3886654698 0.0116393068741 0.999925319733 0.00372578759473 -1.10144697502 -0.103012610977 -0.00250714666214 0.994676890349 5.02235196571
0.992820677444 -0.0163554888758 0.118488819822 0.466146838909 0.0163827304388 0.999865517134 0.000744169874133 -1.14149410755 -0.118485056368 0.00120234315658 0.99295510764 5.16163485516
0.99134349552 -0.0202577206933 0.129721619793 0.525839027203 0.0207962729386 0.999779818259 -0.00279821972831 -1.17243764329 -0.129636371908 0.00547172313796 0.991546504872 5.26545374458
0.989196448672 -0.021179344327 0.145057992918 0.604786187842 0.0222797035709 0.999733980483 -0.00596515520727 -1.21303529084 -0.144893066585 0.00913255942963 0.989405172623 5.40585718587
0.986888264552 -0.0224267542564 0.159839275474 0.684609162317 0.0239719629984 0.99968262685 -0.00774535764705 -1.25131750065 -0.159614843547 0.011475463764 0.987112666037 5.54888883868
0.985137242513 -0.0228847728657 0.170237776609 0.746188290613 0.0244898983825 0.999673171218 -0.00733455008366 -1.27868029206 -0.170014288491 0.0113946442945 0.98537571707 5.65787773909
0.982117975981 -0.0227708979688 0.186884369223 0.832595434526 0.0243816267974 0.999682717794 -0.00632455672075 -1.31365103843 -0.186681058303 0.0107680057902 0.98236155896 5.80379705605
0.978397525964 -0.0217617628976 0.205583819558 0.924575802648 0.0231950632667 0.999720539832 -0.00456412943906 -1.3467563641 -0.205427043567 0.00923406265261 0.978628868294 5.95077219802
0.974880188594 -0.0254978336437 0.221265628523 1.02431014654 0.0268433966937 0.999634919085 -0.00307580876686 -1.37927465602 -0.221106422205 0.00893806607185 0.975208726906 6.09815896388
0.972278437666 -0.0292286909533 0.231992075889 1.10364312486 0.0306075808307 0.999528725887 -0.00234566047522 -1.40364762985 -0.231814183444 0.00938135131699 0.972714847528 6.20747223192
0.968017620936 -0.0363794052325 0.248230587222 1.21655496446 0.038103422833 0.999271503666 -0.00214269223264 -1.44025079563 -0.24797180228 0.0115325988624 0.968698603508 6.34918903149
0.963112451484 -0.0467598587224 0.265005512033 1.33862609889 0.049522387043 0.998765978168 -0.00374887127754 -1.47943690861 -0.264503192754 0.0167342901418 0.964239609514 6.48630846047
0.957295433406 -0.0571678204119 0.283403058362 1.46812345004 0.061571334828 0.998080549853 -0.0066473101592 -1.52009781108 -0.282479068087 0.0238129442575 0.958977851558 6.61982517364
0.952283085089 -0.0620020907636 0.298852248768 1.56735559131 0.0674762358949 0.99768862314 -0.00802301984491 -1.55087025601 -0.297664044591 0.0278056109252 0.954265667704 6.71955025625
0.945931531717 -0.0682964958773 0.317094821708 1.70084330684 0.0748378432816 0.997159659611 -0.00848000333041 -1.59024151118 -0.315615009966 0.0317521951117 0.948355926638 6.85339455482
0.938243971732 -0.0744128392129 0.337877165355 1.8375109411 0.0822224945536 0.996574792765 -0.00883989906473 -1.62809372094 -0.336062064056 0.0360750853964 0.941148700959 6.98724148772
0.931650562976 -0.0840224153505 0.353507372237 1.97940234758 0.0923726093577 0.99570140865 -0.00678276148469 -1.66482965193 -0.351417884502 0.0389735619565 0.935407147675 7.12122001916
0.925710818956 -0.0868818678674 0.368118215664 2.08897057208 0.0956610004988 0.995398050977 -0.00562966211764 -1.69201053243 -0.36593503884 0.0404259959416 0.929761951362 7.22006427782
0.915616609391 -0.0937424969231 0.390971314648 2.24220101105 0.102959089672 0.994682122552 -0.00262696198033 -1.72555549145 -0.388645919135 0.0426593406655 0.92039911462 7.34990662147
0.906787835688 -0.103954404769 0.408569826073 2.40109456696 0.114642761436 0.993405356998 -0.00168343057737 -1.7584361502 -0.405700453905 0.04836608747 0.912725513659 7.47722790253
0.896608030417 -0.111080203882 0.42866680312 2.56186640474 0.122986100354 0.992408390255 -7.79133882908e-05 -1.79251117827 -0.425403877405 0.0527899162365 0.903462653258 7.60379000578
0.888831656963 -0.115930754612 0.443326455014 2.68465711024 0.128317442357 0.991730977625 0.00207412774521 -1.81790195859 -0.439901033833 0.055042966436 0.896357826026 7.69854653522
0.878969959614 -0.120080989922 0.461510959735 2.85077986136 0.133467886256 0.991046360714 0.00366527690297 -1.85343749638 -0.457818887153 0.0583752239883 0.887126935557 7.82292563789
0.866516795597 -0.120370822936 0.484416667688 3.01902642034 0.134937429915 0.990842316814 0.00483665376264 -1.89103304401 -0.480562725309 0.0611748984259 0.874824038791 7.94565593544
0.855279701285 -0.119320641252 0.504241229117 3.1898349132 0.134548776761 0.990887199104 0.00625981817151 -1.92811536855 -0.500393104711 0.0624911451545 0.86354015398 8.06866404012
0.845854807396 -0.118307069667 0.52012794779 3.32150244947 0.132817587415 0.991095557251 0.0094384782382 -1.95370145577 -0.516613136959 0.0610985569804 0.854036201256 8.16199146859
0.833321041166 -0.122666935054 0.539007296234 3.505832505 0.137146281725 0.990460486168 0.0133762008435 -1.986102196 -0.535506246236 0.0627761768875 0.842194877601 8.28168697461
0.820227936411 -0.129310557402 0.557229676233 3.6991076876 0.146364692537 0.989130318578 0.0140921839781 -2.01724447396 -0.552995035338 0.0699999472504 0.830238820025 8.39419317167
0.809477412816 -0.132343717148 0.572041483349 3.84807007638 0.150513562005 0.988483238926 0.0157020385303 -2.0418247749 -0.567531484407 0.0733895557481 0.820074379135 8.47538639081
0.794038942219 -0.136693400934 0.592298127957 4.05064769094 0.158235368343 0.98727632707 0.0157169402858 -2.07656227252 -0.58691032232 0.0812426498064 0.805565581072 8.57893854189
0.778839999056 -0.141203999357 0.611121662548 4.25686099865 0.166032761148 0.98598683422 0.016219894298 -2.11175603409 -0.604848227323 0.0888335145704 0.791370474931 8.68169789528
0.763604642364 -0.139674357068 0.630395926492 4.46348017486 0.165635455544 0.986025781824 0.0178340529555 -2.14459847098 -0.624077596159 0.0907977508285 0.776068890252 8.78727868188
0.750750496374 -0.144567156937 0.644572749447 4.62354407134 0.169100832875 0.985305727014 0.0240319086759 -2.16577255146 -0.63857544622 0.0909558214129 0.76416519028 8.86777499222
0.737207777724 -0.152909693502 0.658136245846 4.84258933556 0.178350314421 0.983547337826 0.0287367291202 -2.18929342529 -0.651702276971 0.096193866165 0.75235023912 8.97317249062
0.720914346966 -0.156694377824 0.675077311348 5.06366801451 0.178220061489 0.983260236122 0.0379066978904 -2.21349952866 -0.669716442998 0.0929848375828 0.736772492672 9.07981616381
0.704131122834 -0.162130740252 0.691312508871 5.28916932848 0.183192360941 0.982103561761 0.0437396029732 -2.23684305598 -0.68603201146 0.0958447548945 0.721230796771 9.18404194414
0.694435504829 -0.166646578674 0.699991605271 5.46102851369 0.186470794165 0.981256885812 0.0486165298023 -2.25433898541 -0.694973361041 0.0967669461273 0.712494340736 9.26227962511
0.680292483332 -0.171721412068 0.712540450613 5.69505912466 0.192249872641 0.979934565851 0.0526140011709 -2.28001733163 -0.707277967698 0.101192901367 0.699655538906 9.36138125029
0.663246452609 -0.172953345191 0.728142351116 5.93261387359 0.196528050575 0.979035622818 0.0535347979498 -2.30733870315 -0.722136322614 0.107593631974 0.683332087583 9.45620001299
0.647222598656 -0.176377074498 0.741615827353 6.17448192791 0.202095503038 0.977754026327 0.0561646833218 -2.33345295401 -0.735024023717 0.113526171397 0.668469515361 9.55144096127
0.635201812635 -0.176276007589 0.751961053761 6.35567936576 0.202047279404 0.977626917654 0.0585021945223 -2.35548902574 -0.74544990047 0.114770985127 0.656606477932 9.62441163434
0.618578458163 -0.176905738954 0.765548855804 6.60056815138 0.199573450072 0.977745732247 0.0646816906082 -2.38262569097 -0.759954688862 0.112772525904 0.640118136189 9.72563743508
0.607945519597 -0.181149001546 0.773037699236 6.85138604366 0.202978313804 0.976731289637 0.0692516568033 -2.40732608058 -0.767594977398 0.11480865422 0.630568730266 9.82542324169
0.59338160908 -0.185379383652 0.783283314084 7.1079151613 0.204634154095 0.975888215548 0.0759411201704 -2.43161370289 -0.778474873701 0.115224454312 0.617009072984 9.91952605361
0.580274379515 -0.190085215034 0.79192755698 7.30379768219 0.21117335492 0.974241860573 0.0791113852693 -2.44947645309 -0.786566881231 0.121327689061 0.605468523721 9.98623772432
0.568756415359 -0.196603691102 0.798663338731 7.56728903845 0.220123843639 0.971976176485 0.0825094285923 -2.47664034739 -0.79250339649 0.128877077056 0.596094846111 10.0743420472
0.554319125267 -0.196386513922 0.808803217423 7.83043847065 0.224491648748 0.971026643394 0.0819192130186 -2.50674118023 -0.801457302048 0.136160181289 0.582345771879 10.161880335
0.544600762543 -0.194791034521 0.815761277769 8.02821551374 0.225174633058 0.970902911609 0.0815102500144 -2.53056285292 -0.807902465688 0.139298202071 0.572616465738 10.2300764939
0.533822376533 -0.19368888174 0.823114990389 8.29547919591 0.226329584842 0.970625420761 0.0816162459194 -2.55994177013 -0.814744493285 0.142726695692 0.561979093026 10.3242008373
0.522848765388 -0.191763795068 0.830575592847 8.5651418937 0.221997352589 0.971376760932 0.0845243383038 -2.58879793329 -0.823010536978 0.14019213681 0.550454195007 10.4227974122
0.509803402236 -0.190713054702 0.83888558328 8.83882317588 0.218639790096 0.971823678493 0.088064635958 -2.61752824097 -0.832043949113 0.138518116815 0.537136479918 10.5221578799
0.502235068869 -0.193384836699 0.842829900118 9.04799751892 0.217334058936 0.971615830288 0.0934268974157 -2.63688252872 -0.836974218495 0.136253378928 0.530008654935 10.5976257106
0.49345850972 -0.195459242289 0.847522497512 9.33135071282 0.217717229411 0.971158818243 0.0972098645554 -2.66416603932 -0.842079513587 0.136551215128 0.521781427846 10.692656183
0.484606947371 -0.196019438636 0.852486062195 9.61771178765 0.221503168782 0.970303916241 0.0971939110623 -2.69452257081 -0.846222460573 0.141727519576 0.513634945673 10.7811571548
0.472145198993 -0.198009198026 0.858994335584 9.91006185665 0.230455601982 0.968282910133 0.0965319711734 -2.72589589842 -0.850863753243 0.152382949967 0.502802456215 10.865278151
