1.000000000 0.000000001 0.000000006 0.000000000 0.000000001 1.000000000 -0.000000000 0.000000000 0.000000006 -0.000000000 1.000000000 0.000000000
1.000000000 -0.000007506 -0.000012001 -0.000277914 0.000007495 0.999999523 -0.000990305 -0.001620328 0.000012020 0.000990304 0.999999523 0.002504483
0.999999940 -0.000233975 -0.000314907 -0.000693260 0.000233434 0.999998510 -0.001719595 -0.004301947 0.000315321 0.001719521 0.999998450 0.006959181
0.999999881 -0.000266100 -0.000392114 -0.001023855 0.000265219 0.999997437 -0.002248080 -0.007976306 0.000392723 0.002247975 0.999997377 0.014855715
0.999999583 -0.000426625 -0.000796066 -0.001019454 0.000424348 0.999995828 -0.002860262 -0.012098941 0.000797295 0.002859922 0.999995589 0.025727237
0.999999106 -0.000717785 -0.001126289 -0.000679889 0.000714240 0.999994814 -0.003145481 -0.016154012 0.001128552 0.003144674 0.999994397 0.039562229
0.999998152 -0.001085389 -0.001595689 -0.000540672 0.001080423 0.999994576 -0.003110103 -0.020731408 0.001599068 0.003108373 0.999993861 0.056621771
0.999996960 -0.001277501 -0.002109829 -0.001012457 0.001270353 0.999993443 -0.003386674 -0.025489790 0.002114154 0.003383983 0.999992013 0.076178908
0.999996185 -0.001244318 -0.002463370 -0.001259466 0.001235800 0.999993265 -0.003456727 -0.031674843 0.002467666 0.003453669 0.999991000 0.098512664
0.999995887 -0.001016618 -0.002673442 -0.002228562 0.001006756 0.999992669 -0.003687689 -0.038511690 0.002677183 0.003684982 0.999989629 0.122558132
0.999994338 -0.000909371 -0.003242042 -0.002498871 0.000896849 0.999992132 -0.003861930 -0.046606876 0.003245540 0.003859001 0.999987304 0.149006307
0.999993205 -0.000307162 -0.003681107 -0.003013180 0.000291246 0.999990582 -0.004323561 -0.054161843 0.003682412 0.004322460 0.999983907 0.177596956
0.999989688 -0.000268026 -0.004531776 -0.003736672 0.000246861 0.999989033 -0.004670643 -0.062176026 0.004532990 0.004669477 0.999978840 0.207838893
0.999986351 0.000028075 -0.005222733 -0.004145035 -0.000053733 0.999987960 -0.004912918 -0.071378186 0.005222544 0.004913132 0.999974310 0.240057752
0.999981523 0.000097999 -0.006079591 -0.004824522 -0.000130614 0.999985576 -0.005364517 -0.080324203 0.006078990 0.005365212 0.999967158 0.272412151
0.999976754 0.000365810 -0.006812484 -0.005344071 -0.000403156 0.999984920 -0.005481576 -0.090204388 0.006810388 0.005484195 0.999961793 0.306876123
0.999972820 0.001152811 -0.007279947 -0.006501945 -0.001193970 0.999983311 -0.005652075 -0.099708952 0.007273322 0.005660614 0.999957502 0.343097538
0.999971628 0.001751043 -0.007330372 -0.009910467 -0.001790526 0.999983847 -0.005383139 -0.108874790 0.007320831 0.005396110 0.999958634 0.382539749
0.999962449 0.002476472 -0.008303665 -0.013013872 -0.002516790 0.999985039 -0.004848401 -0.118434295 0.008291540 0.004869116 0.999953747 0.422313213
0.999946952 0.003521729 -0.009680185 -0.017092543 -0.003564475 0.999983907 -0.004401966 -0.128083184 0.009664532 0.004436236 0.999943435 0.463785529
0.999930084 0.003948765 -0.011140698 -0.020559609 -0.003993716 0.999983966 -0.004015431 -0.138732418 0.011124667 0.004059642 0.999929905 0.507242799
0.999911189 0.004776223 -0.012442433 -0.024115091 -0.004823862 0.999981105 -0.003801467 -0.149155453 0.012424046 0.003861150 0.999915361 0.553287685
0.999893606 0.005775789 -0.013394502 -0.027407797 -0.005824320 0.999976516 -0.003586968 -0.159685954 0.013373474 0.003664599 0.999903798 0.602491021
0.999879956 0.006597022 -0.014023024 -0.030349003 -0.006639785 0.999973416 -0.003005114 -0.170234829 0.014002830 0.003097862 0.999897122 0.654797912
0.999864340 0.006064919 -0.015312541 -0.035589248 -0.006081408 0.999980986 -0.001030420 -0.180330172 0.015306006 0.001123403 0.999882221 0.708715796
0.999824703 0.006831933 -0.017434463 -0.041444588 -0.006809436 0.999975920 0.001349463 -0.189831585 0.017443269 -0.001230506 0.999847054 0.765515447
0.999756932 0.008907463 -0.020167435 -0.048600156 -0.008838455 0.999954879 0.003508373 -0.200551152 0.020197781 -0.003329270 0.999790430 0.822907507
0.999702990 0.009994794 -0.022228824 -0.055343069 -0.009891937 0.999939919 0.004732302 -0.214361027 0.022274794 -0.004511010 0.999741673 0.880886793
0.999670804 0.009089159 -0.023993537 -0.059144270 -0.008978668 0.999948621 0.004708789 -0.229945064 0.024035109 -0.004491808 0.999701023 0.940255284
0.999659359 0.010342044 -0.023962159 -0.063891903 -0.010253757 0.999940217 0.003804451 -0.246846065 0.024000077 -0.003557452 0.999705613 1.000121593
0.999611437 0.011192083 -0.025526073 -0.072377518 -0.011123695 0.999934018 0.002819726 -0.262732893 0.025555957 -0.002534687 0.999670088 1.060372710
0.999496818 0.014923221 -0.027991602 -0.085803047 -0.014866782 0.999886870 0.002223481 -0.279191762 0.028021630 -0.001806218 0.999605596 1.123233914
0.999340951 0.019008912 -0.030922914 -0.100689843 -0.018961841 0.999818385 0.001814864 -0.296538800 0.030951809 -0.001227314 0.999520004 1.189728618
0.999158561 0.021723248 -0.034789357 -0.114458382 -0.021681270 0.999763548 0.001583520 -0.315706879 0.034815539 -0.000827911 0.999393344 1.258823991
0.999003887 0.022665022 -0.038439166 -0.125072405 -0.022662180 0.999742866 0.000509866 -0.336469799 0.038440850 0.000361756 0.999260783 1.330616474
0.998936296 0.020424651 -0.041341078 -0.132915482 -0.020499643 0.999788940 -0.001390895 -0.358220398 0.041303951 0.002236892 0.999144137 1.407600760
0.998901367 0.016924491 -0.043700058 -0.138115108 -0.017038563 0.999852359 -0.002239191 -0.378858536 0.043655708 0.002981317 0.999042213 1.491499662
0.998762906 0.014326112 -0.047619510 -0.144708067 -0.014391651 0.999895930 -0.001033774 -0.398900509 0.047599748 0.001717818 0.998865008 1.580651641
0.998613060 0.011516586 -0.051376123 -0.151130155 -0.011422706 0.999932587 0.002120476 -0.416777730 0.051397078 -0.001530681 0.998677135 1.676762342
0.998484075 0.006403069 -0.054669872 -0.156405047 -0.006106774 0.999965847 0.005585033 -0.435210228 0.054703765 -0.005242709 0.998488903 1.778304815
0.998344719 0.005031463 -0.057294969 -0.166586936 -0.004650071 0.999966204 0.006787981 -0.456729859 0.057327185 -0.006510317 0.998334229 1.879646182
0.998105407 0.007595649 -0.061057702 -0.184562683 -0.007219750 0.999953687 0.006374676 -0.479929835 0.061103292 -0.005921776 0.998113811 1.982237697
0.997626066 0.010395858 -0.068074025 -0.210028857 -0.009979343 0.999929368 0.006455768 -0.506677628 0.068136334 -0.005761111 0.997659385 2.085869074
0.997337580 0.022796348 -0.069267847 -0.237342462 -0.022561003 0.999736726 0.004178183 -0.538056910 0.069344856 -0.002604308 0.997589350 2.189953804
0.996965706 0.033730250 -0.070155151 -0.266944051 -0.033788964 0.999428988 0.000350007 -0.573121309 0.070126899 0.002021523 0.997536063 2.293205976
0.996330142 0.042428728 -0.074337550 -0.302079648 -0.042717312 0.999084651 -0.002295664 -0.605905950 0.074172102 0.005462737 0.997230470 2.397778749
0.995337367 0.053601731 -0.080190495 -0.336167097 -0.054044347 0.998532951 -0.003357788 -0.633573174 0.079892874 0.007675974 0.996773899 2.511518955
0.994506299 0.062107578 -0.084261194 -0.362424821 -0.062373117 0.998052776 -0.000520021 -0.656717122 0.084064819 0.005772796 0.996443510 2.630671978
0.994771540 0.048179936 -0.090047084 -0.376756340 -0.048069172 0.998838246 0.003399507 -0.682367563 0.090106256 0.000946756 0.995931685 2.753526688
0.994437277 0.039763071 -0.097537875 -0.393362939 -0.039314378 0.999205589 0.006518582 -0.708636582 0.097719587 -0.002647682 0.995210469 2.880878687
0.993857563 0.039099950 -0.103530124 -0.415885985 -0.038207099 0.999213636 0.010593965 -0.733489156 0.103862941 -0.006573306 0.994569838 3.009582043
0.993054628 0.037943345 -0.111368336 -0.438112587 -0.036844812 0.999250114 0.011906208 -0.762808383 0.111736573 -0.007720170 0.993707895 3.134551764
0.992773771 0.032153130 -0.115612559 -0.459130853 -0.031435095 0.999473572 0.008029010 -0.798119366 0.115809843 -0.004336701 0.993261993 3.264530182
0.992354631 0.024265647 -0.121009357 -0.479661167 -0.024243034 0.999704659 0.001659258 -0.841175735 0.121013880 0.001287062 0.992650032 3.392437935
0.991880536 0.025821391 -0.124523439 -0.507476091 -0.026095852 0.999659300 -0.000573239 -0.877986670 0.124466211 0.003818130 0.992216587 3.525969267
0.991165221 0.039974604 -0.126465499 -0.546734095 -0.039787319 0.999200165 0.004007613 -0.902841151 0.126524553 0.001059516 0.991962969 3.664612055
0.990069747 0.052564051 -0.130379170 -0.589876652 -0.051813651 0.998614907 0.009143444 -0.926450133 0.130679205 -0.002297226 0.991422057 3.806324244
0.989217639 0.051114779 -0.137244225 -0.626595140 -0.050098531 0.998685300 0.010851077 -0.955308795 0.137618467 -0.003858344 0.990477741 3.947171688
0.988168538 0.044906273 -0.146650657 -0.660342395 -0.043710370 0.998979568 0.011368801 -0.990364790 0.147011518 -0.004824138 0.989122987 4.085983753
0.987090170 0.041525338 -0.154688925 -0.690317690 -0.040720854 0.999135613 0.008367089 -1.030527115 0.154902637 -0.001960008 0.987927794 4.224932194
0.985984683 0.036854438 -0.162714645 -0.719445765 -0.036610089 0.999319494 0.004501012 -1.071984649 0.162769809 0.001519068 0.986662865 4.367012501
0.984962463 0.031836353 -0.169810325 -0.752046168 -0.031630944 0.999491930 0.003915518 -1.111965060 0.169848710 0.001514622 0.985468924 4.508989334
0.984258294 0.034049526 -0.173425198 -0.792319834 -0.034351353 0.999409139 0.001261592 -1.147092223 0.173365667 0.004715658 0.984846234 4.650349140
0.984011412 0.040506788 -0.173438579 -0.840184867 -0.040080603 0.999178648 0.005960283 -1.180119514 0.173537597 0.001086535 0.984826684 4.792240143
0.982672215 0.045772582 -0.179611132 -0.891446412 -0.045166403 0.998951614 0.007465084 -1.212728024 0.179764524 0.000776656 0.983709395 4.932549477
0.980975449 0.055743922 -0.185956597 -0.940456748 -0.054272674 0.998441577 0.012997007 -1.243725657 0.186391294 -0.002657384 0.982472003 5.072660446
0.979508340 0.057462726 -0.193032339 -0.983018279 -0.056385759 0.998347640 0.011072992 -1.276163816 0.193349659 0.000038186 0.981129944 5.209937096
0.978557408 0.049571890 -0.199920028 -1.022343755 -0.048805997 0.998769820 0.008760714 -1.313293815 0.200108379 0.001184435 0.979773104 5.351072311
0.977617621 0.045825776 -0.205338001 -1.063206911 -0.045788966 0.998938859 0.004933586 -1.352218509 0.205346197 0.004579053 0.978678763 5.488305569
0.976396501 0.049272735 -0.210290864 -1.108175397 -0.049988136 0.998748004 0.001915490 -1.390295029 0.210121959 0.008641772 0.977636993 5.620787144
0.974362671 0.052289162 -0.218822762 -1.156563997 -0.052935265 0.998593688 0.002913294 -1.424932837 0.218667373 0.008744837 0.975760341 5.751255512
0.972096503 0.048745554 -0.229461029 -1.201721907 -0.048248962 0.998804986 0.007777622 -1.456970096 0.229565978 0.003510659 0.973286808 5.885663033
0.970788717 0.050436191 -0.234574988 -1.243760228 -0.049061392 0.998727202 0.011696716 -1.487919092 0.234866381 0.000153536 0.972027719 6.017718792
0.970304012 0.049975652 -0.236669838 -1.283980370 -0.048467457 0.998750269 0.012190089 -1.519217730 0.236983284 -0.000357310 0.971513689 6.152375221
0.970009446 0.056460366 -0.236419410 -1.332384944 -0.055807211 0.998396695 0.009459168 -1.551545262 0.236574426 0.004018421 0.971605122 6.283455849
0.969107747 0.064624950 -0.238020957 -1.384183049 -0.065233931 0.997855723 0.005325932 -1.584708571 0.237854779 0.010365635 0.971245468 6.413040638
0.966824353 0.066085123 -0.246745706 -1.433438063 -0.067210287 0.997731388 0.003868945 -1.615819454 0.246441588 0.012843255 0.969072521 6.541645050
0.964569807 0.065208562 -0.255642563 -1.483181238 -0.065820821 0.997812331 0.006169302 -1.643895268 0.255485594 0.010875874 0.966751695 6.674919128
0.963563979 0.063183330 -0.259908289 -1.528438807 -0.062768534 0.997978866 0.009903980 -1.671477318 0.260008752 0.006770940 0.965582550 6.809948444
0.962963998 0.066098891 -0.261402577 -1.579446077 -0.065320045 0.997796059 0.011676850 -1.700571060 0.261598289 0.005830443 0.965159237 6.954301834
0.962107539 0.070233248 -0.263469756 -1.634251833 -0.068803892 0.997522414 0.014660130 -1.730177283 0.263846606 0.004023118 0.964556217 7.092766285
0.959761977 0.073031791 -0.271151990 -1.692484856 -0.071260147 0.997323096 0.016387545 -1.763569236 0.271622956 0.003594192 0.962396979 7.227650166
0.957287431 0.072160177 -0.279988945 -1.744815230 -0.071503356 0.997361183 0.012573693 -1.802399039 0.280157417 0.007983512 0.959920883 7.358786583
0.955209136 0.067166217 -0.288208812 -1.790732026 -0.066936351 0.997700274 0.010664267 -1.840209961 0.288262278 0.009105041 0.957508206 7.492468357
0.954693019 0.059473798 -0.291588932 -1.834691286 -0.057839368 0.998224437 0.014230189 -1.876109123 0.291917562 0.003279858 0.956437826 7.634312630
0.953897953 0.052617364 -0.295483410 -1.879387379 -0.050702196 0.998613596 0.014145344 -1.909433961 0.295818031 0.001488440 0.955243170 7.778418541
0.953140855 0.056851469 -0.297137380 -1.934829950 -0.054285295 0.998382628 0.016887775 -1.941432238 0.297616869 0.000033762 0.954685450 7.916542530
0.951550782 0.059766129 -0.301627547 -1.995161414 -0.056521900 0.998211324 0.019480199 -1.975283623 0.302252293 -0.001487839 0.953226805 8.050637245
0.949658990 0.068498373 -0.305705547 -2.059023142 -0.065846309 0.997648895 0.018991433 -2.010088682 0.306287736 0.002094197 0.951936662 8.178539276
0.947947741 0.074501939 -0.309587955 -2.124100685 -0.072617389 0.997204006 0.017623937 -2.043297529 0.310035408 0.005774894 0.950707495 8.311751366
0.946145773 0.075999223 -0.314694136 -2.185526371 -0.074437112 0.997080743 0.016997462 -2.075118065 0.315067291 0.007342848 0.949040949 8.446440697
0.945251882 0.073433533 -0.317972332 -2.245574713 -0.072092973 0.997269511 0.015998304 -2.110498190 0.318278968 0.007801141 0.947965026 8.590160370
0.943465412 0.077938445 -0.322178006 -2.309131384 -0.076570332 0.996920228 0.016937764 -2.143466711 0.322505921 0.008689076 0.946527600 8.728149414
0.941032827 0.078591555 -0.329060316 -2.371614218 -0.076921873 0.996872604 0.018111458 -2.179348469 0.329454631 0.008268454 0.944135189 8.863122940
0.939030886 0.077822164 -0.334910125 -2.432610750 -0.076445669 0.996923387 0.017311839 -2.216075897 0.335226983 0.009346075 0.942091048 9.000047684
0.937931001 0.072805882 -0.339093924 -2.489093065 -0.071724787 0.997300327 0.015737282 -2.252397299 0.339324266 0.009560952 0.940620840 9.139826775
0.937312841 0.069311202 -0.341526806 -2.546606541 -0.069439836 0.997515559 0.011864795 -2.288831472 0.341500640 0.012594540 0.939797163 9.278634071
0.936128974 0.071420074 -0.344327986 -2.614093781 -0.071692802 0.997355103 0.011957926 -2.323421478 0.344271272 0.013491682 0.938773215 9.422679901
0.933595300 0.072971873 -0.350820392 -2.684435129 -0.072793342 0.997252703 0.013716094 -2.358122587 0.350857466 0.012732108 0.936342299 9.564346313
0.931786597 0.077334158 -0.354673326 -2.757333755 -0.076865874 0.996922135 0.015432567 -2.390563965 0.354775131 0.012882423 0.934862852 9.707647324
0.929362416 0.077327922 -0.360979050 -2.827025175 -0.075473353 0.996961892 0.019255649 -2.421894073 0.361371398 0.009348826 0.932375133 9.852772713
0.927280009 0.079975642 -0.365726262 -2.895138741 -0.078353859 0.996738791 0.019300930 -2.457727194 0.366077125 0.010758700 0.930522323 9.994427681
0.926100194 0.082075991 -0.368241638 -2.968773127 -0.081211641 0.996536732 0.017873069 -2.496762037 0.368433207 0.013353254 0.929558277 10.147617340
0.924034238 0.083943553 -0.372980058 -3.043534994 -0.083790749 0.996344268 0.016652802 -2.535848618 0.373014390 0.015864518 0.927689970 10.291990280
0.922540426 0.086236008 -0.376141459 -3.114796877 -0.086979546 0.996096492 0.015040209 -2.570171118 0.375970244 0.018841416 0.926440239 10.439485550
0.921241343 0.080701157 -0.380528063 -3.186542749 -0.078082047 0.996696532 0.022343066 -2.604139090 0.381074160 0.009129055 0.924499452 10.592741966
0.918382168 0.085562780 -0.386333019 -3.263273478 -0.084044538 0.996243834 0.020853462 -2.639884949 0.386666119 0.013317740 0.922123671 10.740800858
0.917592824 0.083305135 -0.388694912 -3.340212822 -0.082375437 0.996418476 0.019088676 -2.677374125 0.388892978 0.014503283 0.921168804 10.894895554
0.914200127 0.080566809 -0.397174001 -3.419240475 -0.079337656 0.996655822 0.019555429 -2.717096806 0.397421360 0.013633274 0.917535007 11.042312622
0.913535833 0.088503182 -0.397013217 -3.502080679 -0.089383908 0.995863318 0.016326122 -2.757368803 0.396815836 0.020572089 0.917667687 11.186839104
0.911651731 0.092862278 -0.400334686 -3.587697029 -0.094473399 0.995402575 0.015758153 -2.794795513 0.399957597 0.023455029 0.916233480 11.334529877
0.908766627 0.093600221 -0.406672120 -3.675870180 -0.094163977 0.995381474 0.018675622 -2.831190586 0.406541944 0.021322079 0.913383305 11.484643936
0.906996012 0.096740521 -0.409877688 -3.763267040 -0.097057298 0.995076060 0.020087965 -2.866116285 0.409802854 0.021561913 0.911919296 11.643135071
0.904493213 0.098016426 -0.415072173 -3.849920750 -0.098843828 0.994910896 0.019548519 -2.905676842 0.414875895 0.023345815 0.909578443 11.792565346
0.902202725 0.099877030 -0.419588834 -3.936148405 -0.102022946 0.994630039 0.017386829 -2.947376728 0.419072181 0.027121238 0.907547832 11.938838959
0.899680376 0.097991705 -0.425408959 -4.021631718 -0.102084614 0.994687796 0.013228719 -2.988082409 0.424445391 0.031526085 0.904904544 12.086977005
0.897907853 0.097770937 -0.429188102 -4.112371922 -0.100091726 0.994829118 0.017223723 -3.023191214 0.428652823 0.027492860 0.903050900 12.252509117
0.895497262 0.105019495 -0.432499439 -4.204301834 -0.106228285 0.994110525 0.021442462 -3.054477930 0.432204127 0.026742004 0.901379287 12.406335831
0.893935740 0.111550368 -0.434091628 -4.300055027 -0.111087546 0.993456542 0.026527314 -3.085753918 0.434210271 0.024508459 0.900478184 12.562053680
0.889787674 0.118071981 -0.440836757 -4.399510384 -0.116922371 0.992691338 0.029881705 -3.117202520 0.441143036 0.024955302 0.897089839 12.713886261
0.887497067 0.118866488 -0.445218831 -4.492221355 -0.118398592 0.992543161 0.028978406 -3.152799368 0.445343524 0.026995031 0.894952774 12.873312950
0.885584772 0.115374237 -0.449920565 -4.581596851 -0.114593334 0.992986798 0.029078443 -3.192255020 0.450120121 0.025806468 0.892595053 13.026540756
0.883809626 0.117995009 -0.452722639 -4.674055576 -0.117031775 0.992667377 0.030252475 -3.228603840 0.452972621 0.026245510 0.891138017 13.177363396
0.882289231 0.122963287 -0.454362929 -4.765900612 -0.123078115 0.991959751 0.029456854 -3.265056849 0.454331845 0.029932674 0.890329480 13.326061249
0.880512714 0.129150450 -0.456089377 -4.862592220 -0.129340842 0.991117060 0.030952180 -3.301112175 0.456035435 0.031737197 0.889395535 13.473200798
0.878190219 0.132343516 -0.459638059 -4.963714600 -0.134171247 0.990537822 0.028856143 -3.338129282 0.459107906 0.036329042 0.887637317 13.631020546
0.876097202 0.138315290 -0.461868674 -5.061708927 -0.140399337 0.989638805 0.030049045 -3.375971079 0.461239457 0.038520180 0.886439145 13.775254250
0.873375356 0.141911089 -0.465915084 -5.156470299 -0.145701557 0.988929629 0.028090833 -3.415688038 0.464743674 0.043350711 0.884383440 13.914204597
0.871690154 0.150674045 -0.466319352 -5.253409863 -0.155339718 0.987444520 0.028680310 -3.453640699 0.464785993 0.047437582 0.884151340 14.056193352
0.869985104 0.156527609 -0.467573553 -5.355575562 -0.162297368 0.986338437 0.028215710 -3.486673117 0.465602368 0.051338721 0.883503735 14.209173203
0.868076563 0.160687000 -0.469705105 -5.450358868 -0.165771961 0.985681951 0.030835368 -3.523354769 0.467934698 0.051096484 0.882284820 14.350945473
0.866493702 0.163771063 -0.471558869 -5.542323112 -0.171868578 0.984771490 0.026198369 -3.560790300 0.468668282 0.058345433 0.881445348 14.491727829
0.865090907 0.165418863 -0.473555118 -5.632845402 -0.175472230 0.984209955 0.023244414 -3.597990990 0.469922781 0.062987246 0.880457401 14.634243011
0.864373267 0.157611057 -0.477511942 -5.720975876 -0.166217178 0.985784769 0.024495570 -3.641370773 0.474584848 0.058197360 0.878283799 14.791913033
0.862369835 0.163207859 -0.479250908 -5.812523842 -0.173619598 0.984547019 0.022872178 -3.676584959 0.475578099 0.063483074 0.877379894 14.935209274
0.860741019 0.165671065 -0.481329441 -5.905119419 -0.175570801 0.984154940 0.024775192 -3.711966753 0.477807343 0.063182369 0.876189649 15.077210426
0.858695269 0.167921603 -0.484194994 -5.996695042 -0.179157287 0.983542681 0.023371955 -3.747280121 0.480151176 0.066677675 0.874647975 15.215496063
0.857789516 0.171583265 -0.484516621 -6.088406086 -0.183445185 0.982755005 0.023253933 -3.786399364 0.480151057 0.068935275 0.874472976 15.365352631
0.856190979 0.176013753 -0.485753149 -6.184190750 -0.188550845 0.981784403 0.023411090 -3.820599794 0.481025487 0.071544789 0.873782516 15.502262115
0.854146183 0.182045132 -0.487128228 -6.285026550 -0.194926575 0.980508387 0.024636189 -3.851734161 0.482118189 0.073911324 0.872982919 15.641611099
0.851367831 0.190038607 -0.488935858 -6.382615089 -0.202448815 0.978893638 0.027957005 -3.882629395 0.483929157 0.075182773 0.871871650 15.776852608
0.849721253 0.195792407 -0.489529580 -6.490063190 -0.210191548 0.977313399 0.026037879 -3.914127350 0.483521819 0.080770016 0.871598005 15.932106018
0.848714650 0.200213924 -0.489487350 -6.588136673 -0.215189800 0.976220965 0.026187276 -3.950242519 0.483090937 0.083107144 0.871617138 16.071142197
0.847761095 0.202510446 -0.490194559 -6.684649467 -0.217244670 0.975732863 0.027386131 -3.985058308 0.483845025 0.083275259 0.871182740 16.209106445
0.847369790 0.208764106 -0.488243818 -6.779882908 -0.225558162 0.973909914 0.024959369 -4.020035267 0.480716139 0.088977575 0.872350276 16.346008301
0.844866693 0.213283777 -0.490622282 -6.871088982 -0.231660143 0.972504437 0.023842154 -4.056957722 0.482217580 0.093514182 0.871046066 16.505901337
0.843611002 0.216276050 -0.491472363 -6.967895508 -0.234282255 0.971833587 0.025517650 -4.090456486 0.483148277 0.093616277 0.870519280 16.646057129
0.842624128 0.217727959 -0.492523253 -7.059825420 -0.234007418 0.971794605 0.029250516 -4.124030113 0.485000074 0.090606898 0.869807661 16.791696548
0.842638493 0.216328263 -0.493115157 -7.146904469 -0.234141752 0.971848130 0.026244109 -4.158991337 0.484910369 0.093344539 0.869568110 16.935846329
0.843795121 0.209070161 -0.494266599 -7.215438843 -0.224679679 0.974017739 0.028434891 -4.205066681 0.487369359 0.087058425 0.868845165 17.127990723
0.845624685 0.203026146 -0.493658990 -7.301639080 -0.217338160 0.975666523 0.028965905 -4.244660378 0.487527370 0.082796648 0.869173050 17.276494980
0.845296502 0.207755610 -0.492251426 -7.393399239 -0.223430485 0.974330723 0.027542090 -4.281404495 0.485337675 0.086702742 0.870017231 17.419851303
0.845051885 0.208805159 -0.492227376 -7.486805916 -0.225650772 0.973868608 0.025724212 -4.323565483 0.484736115 0.089333192 0.870086491 17.565496445
0.843924820 0.214292675 -0.491802275 -7.594689369 -0.233130649 0.972160220 0.023550138 -4.359722137 0.483157218 0.094779640 0.870388389 17.722938538
0.843362510 0.215553164 -0.492215812 -7.687404156 -0.236460805 0.971429765 0.020260513 -4.402242184 0.482520312 0.099302791 0.870237410 17.866172791
0.844785511 0.213825211 -0.490526646 -7.777184486 -0.235166684 0.971776962 0.018602517 -4.443376541 0.480660200 0.099640377 0.871227682 18.013936996
0.845841706 0.212538600 -0.489263922 -7.865753651 -0.234183073 0.972036779 0.017400613 -4.484602928 0.479280859 0.099859171 0.871962190 18.161016464
0.846798003 0.211977139 -0.487851262 -7.953393459 -0.233052328 0.972298503 0.017949745 -4.523733616 0.478142023 0.098495051 0.872742236 18.309965134
0.846682191 0.212436840 -0.487852454 -8.042728424 -0.233075991 0.972275376 0.018870080 -4.563393593 0.478335679 0.097729713 0.872722208 18.456916809
0.846397817 0.213066489 -0.488070965 -8.143897057 -0.233535022 0.972154796 0.019403076 -4.605955601 0.478614569 0.097558908 0.872588277 18.631269455
0.846055090 0.215352952 -0.487661511 -8.235540390 -0.237227753 0.971298933 0.017357057 -4.645501137 0.477403015 0.101001792 0.872860253 18.774549484
0.845847070 0.216318071 -0.487595260 -8.325034142 -0.238215834 0.971053481 0.017560150 -4.682309151 0.477279633 0.101299673 0.872893214 18.916168213
0.846371591 0.211305022 -0.488881767 -8.414462090 -0.234073162 0.972104311 0.014927155 -4.727046013 0.478398323 0.101800211 0.872222304 19.070976257
0.846476197 0.213295445 -0.487835228 -8.502280235 -0.236766800 0.971466720 0.013922600 -4.764940262 0.476885349 0.103718065 0.872824669 19.213413239
0.846272349 0.211547181 -0.488948822 -8.588370323 -0.235235482 0.971847057 0.013330932 -4.802503109 0.478003591 0.103736550 0.872210622 19.354387283
0.846401989 0.210998505 -0.488961488 -8.670016289 -0.234605521 0.971999168 0.013333932 -4.839475155 0.478083700 0.103427224 0.872203469 19.494823456
0.846840501 0.212700009 -0.487462550 -8.759187698 -0.236282960 0.971590996 0.013464433 -4.876514912 0.476478100 0.103776857 0.873040080 19.645883560
0.848142803 0.211079657 -0.485900372 -8.839085579 -0.234268978 0.972079992 0.013362290 -4.916432381 0.475154549 0.102498233 0.873912036 19.785697937
0.848258078 0.212917164 -0.484896302 -8.917072296 -0.235451788 0.971773088 0.014814025 -4.952668190 0.474363357 0.101603583 0.874446213 19.920408249
0.848850310 0.210698470 -0.484829038 -8.996436119 -0.232068121 0.972562015 0.016348535 -4.988889694 0.474970937 0.098635890 0.874456108 20.055099487
0.849574327 0.202895045 -0.486885130 -9.049798012 -0.222652167 0.974737704 0.017683471 -5.087770462 0.478173077 0.093382627 0.873287022 20.250364304
0.849436641 0.204810798 -0.486322910 -9.127340317 -0.225897282 0.974025667 0.015638819 -5.123704433 0.476893961 0.096574835 0.873639226 20.382871628
0.850795627 0.202368632 -0.484967768 -9.200569153 -0.222194523 0.974854410 0.016986314 -5.158346653 0.476210356 0.093305275 0.874367118 20.512573242
0.850918531 0.201633856 -0.485058218 -9.273880005 -0.221104249 0.975093901 0.017462306 -5.192172527 0.476498246 0.092389412 0.874307513 20.642948151
0.851859033 0.203149080 -0.482770056 -9.358866692 -0.222873539 0.974701047 0.016887587 -5.206648827 0.473987222 0.093210809 0.875584364 20.723253250
0.852825046 0.202436388 -0.481361687 -9.428337097 -0.222145706 0.974875391 0.016409354 -5.240736485 0.472589523 0.092938118 0.876368463 20.851955414
0.853378654 0.202511668 -0.480347663 -9.496870041 -0.220985562 0.975101590 0.018497225 -5.271786213 0.472133666 0.090364769 0.876883149 20.981088638
0.854533911 0.200122550 -0.479294032 -9.565093994 -0.217602342 0.975842953 0.019486124 -5.304051399 0.471615285 0.087643944 0.877438128 21.108413696
0.854977727 0.199619561 -0.478711903 -9.634065628 -0.216962561 0.975985408 0.019484872 -5.338720322 0.471105397 0.087203413 0.877755880 21.231884003
0.855591357 0.198073462 -0.478257686 -9.741753578 -0.216754332 0.976086915 0.016484486 -5.343345165 0.470086247 0.089560434 0.878064811 21.439224243
0.856574476 0.197313994 -0.476809680 -9.807860374 -0.216589421 0.976149738 0.014855074 -5.378151894 0.468368769 0.090547465 0.878881037 21.561784744
0.858008325 0.194691241 -0.475307345 -9.873593330 -0.213707209 0.976792693 0.014328483 -5.414606094 0.467066407 0.089282632 0.879703104 21.684368134
0.858713686 0.194961235 -0.473920912 -9.938469887 -0.214133158 0.976706922 0.013801795 -5.447933674 0.465572715 0.089630395 0.880459189 21.804111481
0.858384311 0.196774080 -0.473768443 -10.006528854 -0.216256618 0.976241171 0.013651590 -5.480242252 0.465198517 0.090737239 0.880543590 21.920337677
0.858862519 0.196346357 -0.473078549 -10.072830200 -0.215142488 0.976472259 0.014688779 -5.510206223 0.464832187 0.089163661 0.880897701 22.040267944
0.860260248 0.197373062 -0.470102310 -10.234620094 -0.214646533 0.976540089 0.017210895 -5.562453747 0.462470770 0.086099952 0.882444084 22.254409790
0.861287296 0.196357265 -0.468644887 -10.298807144 -0.213614851 0.976775706 0.016672069 -5.594214916 0.461034626 0.085750058 0.883229256 22.371606827
0.861888528 0.197170541 -0.467195839 -10.361971855 -0.215151072 0.976462781 0.015183013 -5.627422810 0.459192902 0.087431617 0.884023488 22.487724304
0.862236679 0.198206440 -0.466113806 -10.424311638 -0.216565892 0.976160526 0.014482027 -5.658672333 0.457872331 0.088457398 0.884606242 22.603969574
0.863404512 0.195985988 -0.464889437 -10.486120224 -0.213356599 0.976850331 0.015564945 -5.689225674 0.457177877 0.085748382 0.885231972 22.722892761
0.863918066 0.197481856 -0.463299453 -10.550292969 -0.215224490 0.976451159 0.014882468 -5.716494083 0.455328345 0.086856142 0.886076808 22.844825745
0.864926159 0.196235478 -0.461946130 -10.611896515 -0.214665473 0.976602077 0.012932582 -5.750447273 0.453675359 0.087978147 0.886813641 22.959749222
0.866030335 0.194727853 -0.460513115 -10.671858788 -0.213405564 0.976893008 0.011753280 -5.783617496 0.452160746 0.088097371 0.887575090 23.078386307
0.866289258 0.194944322 -0.459934205 -10.731034279 -0.213966236 0.976779044 0.011003423 -5.815166950 0.451399207 0.088878244 0.887884796 23.197967529
0.866606951 0.191605106 -0.460738420 -10.661678314 -0.208889455 0.977842748 0.013748703 -5.859051704 0.453163981 0.084328674 0.887429535 23.194664001
0.867771268 0.189239383 -0.459523052 -10.723487854 -0.205649257 0.978516519 0.014618117 -5.889438629 0.452417195 0.081815384 0.888045609 23.316823959
0.868767500 0.188488096 -0.457946658 -10.783295631 -0.205417007 0.978587031 0.013085331 -5.922428131 0.450607091 0.082701921 0.888883412 23.437395096
0.869594097 0.188082248 -0.456542701 -10.845232964 -0.204499274 0.978770792 0.013707527 -5.955060005 0.449428767 0.081442654 0.889596045 23.558387756
0.869952083 0.187614396 -0.456052870 -10.912961006 -0.203962952 0.978883743 0.013627045 -5.985226631 0.448979378 0.081163019 0.889848292 23.670347214
0.870066702 0.188017383 -0.455668092 -10.976449966 -0.203711197 0.978916943 0.014947392 -6.018297195 0.448871523 0.079819478 0.890024245 23.792730331
0.871499896 0.183982462 -0.454575062 -11.035094261 -0.198867500 0.979906440 0.015338725 -6.053354740 0.448262990 0.077032499 0.890576422 23.919925690
0.873358905 0.178525656 -0.453181028 -11.094710350 -0.193245396 0.981049776 0.014056249 -6.092847824 0.447102636 0.075298987 0.891307712 24.053049088
0.875001729 0.179592282 -0.449576050 -11.155634880 -0.194714338 0.980776191 0.012822006 -6.126856804 0.443236262 0.076319635 0.893150091 24.175790787
0.875137866 0.180973113 -0.448756576 -11.219768524 -0.196584463 0.980413318 0.012010890 -6.160451889 0.442140609 0.077707402 0.893573344 24.298847198
0.875704348 0.182347298 -0.447092026 -11.291415215 -0.198401928 0.980057657 0.011115022 -6.191692352 0.440202743 0.078970447 0.894418895 24.426420212
0.875740290 0.182925150 -0.446785510 -11.355123520 -0.199223757 0.979895592 0.010697054 -6.224897385 0.439759910 0.079642437 0.894577146 24.549896240
0.877030313 0.183433041 -0.444038689 -11.417790413 -0.199366853 0.979863048 0.011009134 -6.257832527 0.437116504 0.078871243 0.895940006 24.675399780
0.877836585 0.185135648 -0.441732705 -11.474917412 -0.201495677 0.979437530 0.010070602 -6.290021896 0.434514076 0.080166899 0.897090197 24.799753189
0.878576815 0.183754191 -0.440836996 -11.536914825 -0.198835477 0.979956806 0.012201656 -6.323845863 0.434243441 0.076933950 0.897504270 24.926385880
0.878809214 0.182782128 -0.440778077 -11.597846031 -0.197368801 0.980243325 0.012980388 -6.356903076 0.434442371 0.075588554 0.897522271 25.051719666
0.879155517 0.182727143 -0.440109640 -11.658200264 -0.197812542 0.980168760 0.011804958 -6.390745163 0.433538854 0.076680817 0.897866488 25.176502228
0.880871117 0.179141134 -0.438148916 -11.720592499 -0.193816692 0.980971277 0.011422536 -6.428418159 0.431857795 0.074858792 0.898829818 25.301488876
0.881797373 0.177969843 -0.436761022 -11.781250000 -0.192887917 0.981166005 0.010371630 -6.461346626 0.430380911 0.075100236 0.899517834 25.425954819
0.882223964 0.179482818 -0.435277760 -11.843959808 -0.195137769 0.980735660 0.008890751 -6.493293285 0.428488046 0.077095494 0.900252283 25.553215027
0.882777750 0.176998019 -0.435172528 -11.909814835 -0.191272646 0.981473207 0.011185371 -6.524682045 0.429090023 0.073362403 0.900277555 25.677549362
0.883074641 0.177034602 -0.434554845 -11.971818924 -0.190836370 0.981547713 0.012070080 -6.555833817 0.428673148 0.072270080 0.900564492 25.804767609
0.882916272 0.179420963 -0.433897316 -12.035374641 -0.193291232 0.981063545 0.012360926 -6.587763786 0.427898735 0.072954878 0.900877595 25.926540375
0.883067071 0.179807052 -0.433430493 -12.101834297 -0.193699881 0.980983496 0.012315090 -6.622531891 0.427402467 0.073080376 0.901102841 26.060607910
0.883471131 0.178677768 -0.433073997 -12.165282249 -0.192004651 0.981305540 0.013177634 -6.655280113 0.427332401 0.071510166 0.901262045 26.185771942
0.882678509 0.179840416 -0.434207708 -12.226684570 -0.193830520 0.980958343 0.012265895 -6.687432289 0.428145528 0.073335841 0.900729299 26.308584213
0.883493483 0.177149728 -0.433655679 -12.282071114 -0.190298796 0.981636047 0.013302734 -6.721019268 0.428048551 0.070771262 0.900980592 26.418947220
0.884153068 0.173789144 -0.433671147 -12.342396736 -0.186099634 0.982427001 0.014284025 -6.754017353 0.428532660 0.068076774 0.900958002 26.544990540
0.884625971 0.172958300 -0.433038443 -12.405659676 -0.185594648 0.982536495 0.013292072 -6.786466599 0.427775055 0.068611100 0.901277423 26.669454575
0.884216428 0.172032908 -0.434241891 -12.472259521 -0.184101969 0.982800424 0.014480548 -6.814302921 0.429264247 0.067140855 0.900679886 26.798660278
0.883779287 0.173432648 -0.434574842 -12.538591385 -0.185056582 0.982600749 0.015799118 -6.843460560 0.429753721 0.066458009 0.900497139 26.920816422
0.883619368 0.172854602 -0.435130119 -12.602844238 -0.184155181 0.982759714 0.016435280 -6.873978615 0.430469304 0.065608941 0.900217593 27.046714783
0.883837819 0.171998724 -0.435025573 -12.668816566 -0.182690799 0.983014822 0.017489221 -6.902359009 0.430644691 0.064017519 0.900248408 27.173143387
0.883176446 0.173612401 -0.435727179 -12.739309311 -0.184206322 0.982719243 0.018189305 -6.932888985 0.431355387 0.064199321 0.899895012 27.295959473
0.881842256 0.174856246 -0.437926650 -12.808612823 -0.185517177 0.982462764 0.018708363 -6.964144707 0.433518022 0.064745106 0.898815989 27.418111801
0.880582571 0.175917581 -0.440031171 -12.879959106 -0.186316982 0.982289076 0.019849548 -6.994985104 0.435729712 0.064506128 0.897763073 27.538597107
0.879452765 0.175925195 -0.442281902 -12.950909615 -0.186323404 0.982280254 0.020225115 -7.025166035 0.438002914 0.064620450 0.896647990 27.655464172
0.878571033 0.174350202 -0.444651365 -13.021995544 -0.184495479 0.982614338 0.020750208 -7.056605816 0.440538645 0.063805640 0.895463288 27.773420334
0.877201259 0.172198415 -0.448180199 -13.097364426 -0.182566717 0.982982874 0.020349665 -7.086240768 0.444057643 0.063972034 0.893711567 27.892044067
0.875061810 0.172776341 -0.452123076 -13.175769806 -0.182809845 0.982906699 0.021792985 -7.111610889 0.448160082 0.063582346 0.891689301 28.000120163
0.872478664 0.173134357 -0.456952482 -13.255808830 -0.182369351 0.982931852 0.024216658 -7.136943817 0.453345865 0.062205631 0.889161408 28.115491867
0.869583964 0.174873516 -0.461782545 -13.341787338 -0.183767051 0.982624292 0.026060069 -7.163163185 0.458315909 0.062198993 0.886610270 28.229352951
0.866323709 0.177288041 -0.466960609 -13.428570747 -0.186251312 0.982121825 0.027335277 -7.188812256 0.463458419 0.063290834 0.883855522 28.340986252
0.862303436 0.178343400 -0.473947734 -13.509671211 -0.186733797 0.981959641 0.029760242 -7.210810661 0.470705092 0.062839702 0.880049884 28.445941925
0.858156800 0.177735984 -0.481639892 -13.600222588 -0.184906602 0.982201874 0.032999285 -7.234749794 0.478932738 0.060739830 0.875747740 28.555007935
0.853938222 0.177775413 -0.489065856 -13.680962563 -0.184596345 0.982201159 0.034713812 -7.258308887 0.486532301 0.060636330 0.871555865 28.654016495
0.849129736 0.178983852 -0.496934146 -13.770593643 -0.185657680 0.981938839 0.036430951 -7.282556057 0.494479537 0.061325032 0.867023230 28.751445770
0.844023049 0.178280309 -0.505807579 -13.865644455 -0.184830695 0.982046306 0.037718181 -7.306120872 0.503450811 0.061653752 0.861821413 28.851118088
0.838435829 0.177873060 -0.515156984 -13.962852478 -0.183938846 0.982133925 0.039743699 -7.328262806 0.513022423 0.061434828 0.856173933 28.950719833
0.832066000 0.179387018 -0.524868131 -14.066357613 -0.184726149 0.981860518 0.042732093 -7.345270157 0.523012877 0.061400950 0.850110292 29.044580460
0.824785531 0.181056589 -0.535674751 -14.168772697 -0.185238063 0.981590033 0.046561196 -7.360163212 0.534243166 0.060824338 0.843139768 29.132627487
0.816701353 0.183930621 -0.546962857 -14.275856972 -0.186916858 0.981060803 0.050811239 -7.374245167 0.545949697 0.060738996 0.835613310 29.216365814
0.807600737 0.188247696 -0.558877528 -14.388595581 -0.190127179 0.980194092 0.055419002 -7.384176731 0.558240891 0.061501391 0.827396333 29.297552109
0.797552407 0.193985745 -0.571209013 -14.508886337 -0.194287509 0.979032934 0.061210528 -7.393333912 0.571106493 0.062160172 0.818519115 29.377414703
0.786660433 0.200175643 -0.584033370 -14.632355690 -0.199254185 0.977674544 0.066710569 -7.397310734 0.584348440 0.063892551 0.808983684 29.449165344
0.774920404 0.209281191 -0.596405745 -14.754984856 -0.207042962 0.975580454 0.073320620 -7.405592442 0.597186387 0.066663936 0.799327612 29.521539688
0.764373839 0.213637635 -0.608351469 -14.874043465 -0.211332545 0.974403739 0.076653391 -7.417862415 0.609155834 0.069972597 0.789957583 29.591037750
0.753991783 0.213192165 -0.621325552 -14.995397568 -0.210499793 0.974404991 0.078896396 -7.432295799 0.622242749 0.071301676 0.779570460 29.661186218
0.743448436 0.212623373 -0.634094536 -15.114331245 -0.208871886 0.974509478 0.081877343 -7.443113804 0.635339975 0.071572937 0.768908679 29.723951340
0.732467890 0.214404315 -0.646159112 -15.236235619 -0.209402263 0.974055111 0.085832104 -7.453184128 0.647797406 0.072437920 0.758360922 29.790517807
0.721219480 0.217394680 -0.657709658 -15.357667923 -0.210731611 0.973332882 0.090638205 -7.464044094 0.659874558 0.073230177 0.747798681 29.853034973
0.710148275 0.218334913 -0.669342518 -15.482173920 -0.210148260 0.973095894 0.094457448 -7.472924709 0.671957731 0.073582381 0.736924946 29.915212631
0.698663056 0.218620479 -0.681230545 -15.602936745 -0.208103344 0.973098159 0.098858073 -7.480921745 0.684516609 0.072697848 0.725363493 29.962427139
0.684458256 0.223464638 -0.693960011 -15.727657318 -0.211854517 0.971755624 0.103964850 -7.487150192 0.697591782 0.075858921 0.712468147 30.016372681
0.671160281 0.229534864 -0.704881310 -15.857287407 -0.218106404 0.969912171 0.108166136 -7.491978168 0.708500862 0.081142358 0.701029539 30.058090210
0.657468677 0.231105968 -0.717164636 -15.980494499 -0.220494643 0.969146848 0.110166214 -7.497582436 0.720497787 0.085700110 0.688141465 30.096946716
0.644093692 0.232982412 -0.728603065 -16.109760284 -0.222564265 0.968358934 0.112898715 -7.501473904 0.731852651 0.089443639 0.675567508 30.133750916
0.629860044 0.235746920 -0.740067363 -16.236249924 -0.225997537 0.967224717 0.115764342 -7.505917072 0.743102729 0.094338097 0.662494361 30.171789169
0.615763307 0.237453029 -0.751299977 -16.360477448 -0.226044819 0.966665685 0.120254956 -7.506016254 0.754810810 0.095778845 0.648912191 30.206167221
0.601493180 0.240571409 -0.761794865 -16.481584549 -0.226223856 0.965841055 0.126387805 -7.501998901 0.766178012 0.096314766 0.635369897 30.238519669
0.587708890 0.244038969 -0.771390557 -16.607099533 -0.227391213 0.964817524 0.131986603 -7.500867367 0.776461065 0.097837701 0.622524023 30.271514893
0.574208498 0.246575341 -0.780695379 -16.732210159 -0.225818247 0.964278519 0.138466969 -7.494909286 0.786950290 0.096786350 0.609378099 30.300153732
0.560245275 0.250903100 -0.789412975 -16.852285385 -0.229571864 0.962720513 0.143059418 -7.492465496 0.795878112 0.101078644 0.596959949 30.325281143
0.545379579 0.256536126 -0.797966301 -16.969493866 -0.235304385 0.960587978 0.147995293 -7.487056732 0.804482937 0.107051350 0.584249198 30.344966888
