1 -1.10815961836e-17 3.06187886789e-17 0 -1.10815961836e-17 1 -1.34511849702e-17 0 3.06187886789e-17 -1.34511849702e-17 1 0
0.99999998532 -0.000163255296754 -5.20436669584e-05 -0.00268664655456 0.000163207136678 0.999999559754 -0.000924043272866 -0.00109417747047 5.21944990051e-05 0.000924034765403 0.999999571718 -0.00176866625517
0.999999859748 -0.000384439182297 -0.00036429399804 -0.00612190138302 0.000383810376013 0.999998439227 -0.00172459632965 -0.00473937832456 0.000364956431863 0.00172445626795 0.999998446527 -0.000807775335147
0.999999819423 -0.000451181594827 -0.000396975182318 -0.0085968092268 0.000450303850082 0.999997460094 -0.00220840027337 -0.00701351901791 0.000397970563595 0.00220822111513 0.999997482686 0.00241126526787
0.999999544525 -0.000683468941698 -0.000666197754572 0.0234889277591 0.000681578056408 0.999995750717 -0.00283443086623 -0.000715369475513 0.000668132169174 0.00283397550945 0.999995761082 0.058504331229
0.99999918907 -0.000886668259392 -0.000914154144245 0.0206900599876 0.000883779192523 0.999994629453 -0.00315594659499 -0.00481099386205 0.000916947512412 0.00315513612533 0.999994602147 0.070067108312
0.999998346134 -0.00126803538748 -0.0013037700799 0.0179447672501 0.00126392233398 0.999994237661 -0.00315073729306 -0.00767782529488 0.00130775781352 0.00314908421804 0.999994186502 0.0854123758218
0.999997553041 -0.00138512300148 -0.00172491922661 0.0153338721714 0.00137938383498 0.999993524256 -0.0033239655545 -0.0111569074032 0.00172951215762 0.00332157809519 0.999992987929 0.0986973708502
0.999996916206 -0.00139734272976 -0.00205304935889 0.0115861020054 0.00139012022267 0.999992855559 -0.00351516668288 -0.0159838219373 0.00205794658361 0.0035123018574 0.999991714261 0.119044623773
0.99999668443 -0.00124104426439 -0.00225631058736 0.00745372050443 0.00123276492031 0.999992516262 -0.00366711204906 -0.0223453919634 0.0022608447501 0.00366431838996 0.999990730633 0.14190829636
0.999996033595 -0.00110942351696 -0.00258881721115 0.0030873662444 0.00109902285956 0.999991333906 -0.00401550258366 -0.0292126756114 0.00259324966921 0.00401264148725 0.999988586817 0.167231109024
0.999995675862 -0.000793704464437 -0.00283165868402 -0.000399270434805 0.00078152635957 0.999990452942 -0.00429921403381 -0.0341352049774 0.00283504395538 0.00429698242751 0.999986749146 0.18774098538
0.999993405252 -0.000635308429036 -0.00357572866526 -0.0049933728204 0.000618933307434 0.999989325858 -0.0045787651893 -0.0407917975861 0.00357859942555 0.00457652185593 0.999983124395 0.216985217456
0.999991170548 -0.000295468346842 -0.00419184034258 -0.00975941909702 0.000274680557632 0.999987667265 -0.00495881733506 -0.0478243265309 0.00419325381928 0.00495762213437 0.99997891908 0.248055545481
0.999987579838 -0.000230600312327 -0.00497865382027 -0.0148875050356 0.000203905623636 0.999985605352 -0.0053616706011 -0.0561899115779 0.00497981855721 0.00536058883277 0.999973232389 0.280731985901
0.999985087402 2.4523901443e-06 -0.00546122407775 -0.020464551748 -3.29332169238e-05 0.999984424245 -0.0055812347971 -0.0648499644645 0.0054611253277 0.00558133142206 0.99996951196 0.315149927035
0.999984009677 0.00059489827541 -0.00562374313962 -0.0250572083899 -0.000626385902703 0.999984129578 -0.00559894925584 -0.0709964307031 0.00562032308318 0.00560238236026 0.999968512144 0.342145801466
0.999980285003 0.00156746157502 -0.00608051552337 -0.0127178483601 -0.0016004867122 0.999983975301 -0.00543024708467 -0.0746480579808 0.00607190638129 0.00543987181166 0.999966769322 0.410749573787
0.999973049725 0.00242532024703 -0.00692947653404 -0.00737979617053 -0.00245936921815 0.99998492476 -0.00490935391058 -0.0714636400099 0.00691746531507 0.00492626374343 0.999963939649 0.465422174538
0.99995907875 0.00346577848344 -0.00835638702519 -0.0153214971924 -0.00350330563282 0.999983826362 -0.00448038654416 -0.0792374255563 0.00834072384473 0.00450947817887 0.999955047456 0.5075253889
0.999948786495 0.00380084649985 -0.00937965631916 -0.0212195159993 -0.00384037262592 0.999983807233 -0.00419962011459 -0.0854546386086 0.00936354232516 0.00423542641269 0.999947191225 0.540749173222
0.99993241194 0.00455725301961 -0.0106959336596 -0.0289831186449 -0.00459993413617 0.999981542847 -0.00396920280229 -0.0933102005239 0.0106776475816 0.00401813512193 0.999934919098 0.587660235377
0.999918797165 0.00542946212173 -0.0115290943549 -0.0368123321812 -0.00547221196229 0.99997825714 -0.00367969349298 -0.101821344566 0.011508864923 0.00374248433948 0.999926767238 0.63752387501
0.999908628576 0.00633672148388 -0.0119407060094 -0.0449358085654 -0.00637332477955 0.999975100011 -0.0030298660876 -0.109965501557 0.0119212092685 0.00310569124192 0.999924116847 0.690686363074
0.999893458035 0.00611649787529 -0.0132537176994 -0.0513206130028 -0.00613809871726 0.99997989805 -0.00158972983163 -0.114964897106 0.0132437276947 0.0016709130863 0.999910901894 0.732899918352
0.999861000812 0.00644625805698 -0.0153761117139 -0.0614551017081 -0.00643144289032 0.999978805192 0.00101277260996 -0.121688291824 0.0153823144138 -0.000913741251022 0.999881267691 0.791043293994
0.999800345525 0.00849314537762 -0.0180868894265 -0.0738445432475 -0.008433398083 0.999958735764 0.00337706477252 -0.130318992059 0.0181148249869 -0.00322385658781 0.999830715604 0.850572175688
0.999745561876 0.00972678758713 -0.0203519314215 -0.0854030750643 -0.00963239134143 0.999942415217 0.00473109781749 -0.140461732671 0.0203967778435 -0.00453385627783 0.999781683969 0.911314501468
0.999721877623 0.00874217128554 -0.0219030099317 -0.094989438396 -0.00864596181414 0.999952572206 0.00448337855202 -0.153297084828 0.0219411655835 -0.00429275903664 0.999750047498 0.972716464035
0.99971832301 0.00966614232176 -0.0216758005582 -0.102881564917 -0.0095914158016 0.999947704075 0.00354878248844 -0.163129608742 0.0217089700388 -0.00333988126208 0.999758753807 1.01921468289
0.999673706554 0.0108374850773 -0.0231307012798 -0.116626692225 -0.0107789756878 0.99993838654 0.00265269794023 -0.176528899271 0.0231580246916 -0.00240250711554 0.999728930187 1.08259383267
0.999569177683 0.0144193823767 -0.0255644369918 -0.10165470212 -0.0143732224613 0.999894722684 0.001988472758 -0.17299593869 0.0255904181855 -0.00162017273958 0.999671198714 1.19555323932
0.9994186751 0.0186107511658 -0.0285648700824 -0.122465721668 -0.0185771302225 0.999826390428 0.00144195604645 -0.187347330932 0.0285867468327 -0.000910464490189 0.999590900799 1.26549738137
0.999285148653 0.0207664271526 -0.0315903020605 -0.137699109618 -0.0207395951283 0.999784218839 0.00117684053843 -0.198574064376 0.0316079242417 -0.000520829197669 0.999500209036 1.32078055338
0.999140962043 0.0220472882234 -0.0350892440823 -0.155144758666 -0.0220633214352 0.999756572864 -6.97333178134e-05 -0.21440495876 0.0350791649775 0.000843858685352 0.999384180427 1.39853364941
0.999058584968 0.0198758644157 -0.0385602621386 -0.168324812222 -0.0199650455856 0.999798817634 -0.00192904418036 -0.232171485523 0.0385141630732 0.00269708554056 0.999254414537 1.48058960125
0.999036058658 0.0161481097646 -0.0408190158107 -0.178962580792 -0.0162696143489 0.999864139392 -0.00264620594983 -0.247736208882 0.0407707388902 0.00330776480786 0.999163052531 1.56892638026
0.998944229241 0.0139446649345 -0.0437718309593 -0.188059131516 -0.0140355991425 0.999899928099 -0.0017708032852 -0.25869691101 0.0437427573705 0.00238329759595 0.99903998472 1.64008216372
0.998816959105 0.0110020653593 -0.0473670429999 -0.200522858391 -0.0109585667028 0.99993925931 0.00117792482826 -0.27163246883 0.047377125499 -0.000657456394792 0.99887685714 1.74176596787
0.998693381511 0.00569682310493 -0.0507846032969 -0.211177926297 -0.00544077994794 0.999971789781 0.0051785670255 -0.284091219533 0.0508126720323 -0.0048954927628 0.998696203313 1.84880697988
0.998563663783 0.00390089833875 -0.0534358715156 -0.227964347009 -0.00354692293155 0.999971146603 0.00671753667933 -0.299902778383 0.0534605341369 -0.00651835512007 0.998548688015 1.95819015329
0.998425641123 0.00609786370678 -0.0557589024878 -0.247633436937 -0.00575420713904 0.999963461722 0.00632173399515 -0.313394199548 0.0557954142258 -0.00599093304236 0.99842424874 2.04171185851
0.99795087032 0.00851149161499 -0.0634162040696 -0.27939564272 -0.00811456535319 0.999945859342 0.00651400137874 -0.334151875074 0.0634682145427 -0.0059860584128 0.997965907658 2.15533931468
0.997604479733 0.0207912620678 -0.0659774615899 -0.315542679706 -0.0205773533329 0.999780578487 0.00392012886496 -0.359714470057 0.066044489142 -0.00255309657767 0.997813412995 2.26672797918
0.997289585892 0.0322260459871 -0.0661435093734 -0.326413130806 -0.03235283933 0.99947615147 -0.000846421940452 -0.37988067057 0.0660815833608 0.00298405811796 0.997809761296 2.42642692669
0.996645610671 0.0411985055575 -0.0707121621104 -0.370591165341 -0.0415755422364 0.999127876588 -0.00386788208333 -0.406619025405 0.0704911414168 0.00679480418339 0.997489262909 2.54169723447
0.99593736608 0.0497405183329 -0.0750642636784 -0.40387217961 -0.0502584338181 0.998723603363 -0.00502532735355 -0.422999377808 0.0747184895173 0.00877752361637 0.997166035524 2.63292372824
0.994923782209 0.0608143533296 -0.0801765677963 -0.439472658848 -0.061239451 0.998119030294 -0.00285149192921 -0.440980129562 0.0798523464634 0.00774698613005 0.996776598326 2.76123965162
0.995190501571 0.0473811308269 -0.0857373548974 -0.460644917344 -0.0473928699008 0.998874520267 0.00189964289509 -0.458215510208 0.0857308664707 0.00217283274072 0.9963159626 2.89510832266
0.994904722184 0.0383036811022 -0.0932599688547 -0.484028318502 -0.0379841873296 0.999264814878 0.00519915960904 -0.474585386103 0.0933905524648 -0.00163026431909 0.995628217232 3.03197778614
0.994491118726 0.0378323347187 -0.0977554562458 -0.507070311914 -0.0372043509125 0.999273709302 0.00823954913976 -0.486859254601 0.0979961787483 -0.004557230144 0.995176356534 3.13659576101
0.993765437357 0.0362676596509 -0.105427284789 -0.538388630386 -0.0353413151518 0.999318636148 0.0106421281009 -0.50736184172 0.105741415528 -0.00684984018931 0.9943700683 3.27640418493
0.99336597862 0.0313664228338 -0.110635347151 -0.56749757858 -0.0306962330111 0.999498666048 0.00775614899091 -0.537268907404 0.110823164544 -0.00430860613727 0.993830801552 3.41383309372
0.992983889418 0.0226338308366 -0.116063366565 -0.596247749836 -0.0226852406148 0.999742271159 0.000878132270172 -0.570560161391 0.116053329185 0.00176095420003 0.993241422729 3.55194109995
0.992665233849 0.0226155621545 -0.118761398845 -0.623100560556 -0.0229359182092 0.999736050939 -0.00133120539274 -0.592201612139 0.118699945927 0.0040453430428 0.992921929477 3.6599771032
0.992040321653 0.0352388371885 -0.120889307091 -0.67065010404 -0.0352492054382 0.999376444179 0.00205337189406 -0.611386610869 0.120886284298 0.00222422430668 0.992663870147 3.81005109798
0.990945349698 0.0497430377976 -0.124711443348 -0.723738442472 -0.0492218876653 0.998761492329 0.00725859595632 -0.626660013322 0.124918051882 -0.0010543392532 0.9921665025 3.9622512299
0.990059659127 0.0494644348905 -0.13166298284 -0.745760112284 -0.0486693733996 0.998772094661 0.00925175765151 -0.649635440899 0.131958946124 -0.00275183715205 0.991251362637 4.15461187747
0.989016974843 0.0426100776044 -0.141526692741 -0.787652635783 -0.0416308562145 0.999084268673 0.00987400129995 -0.674997855954 0.141817824277 -0.00387367749926 0.98988519503 4.30779897244
0.988237472982 0.0397809016237 -0.147662374559 -0.817486756286 -0.0391356073486 0.999207432364 0.00727401859763 -0.697487331508 0.147834709158 -0.00140960104644 0.98901107769 4.42252184212
0.987184657357 0.0354403304984 -0.155597028417 -0.856135287832 -0.0353535496626 0.999369333641 0.00332588397997 -0.729003137856 0.155616769033 0.00221764563432 0.987815014688 4.57648112011
0.986254611202 0.0291972890047 -0.162632592668 -0.897577719051 -0.0291584100717 0.999571352396 0.00262651699237 -0.75927381956 0.162639567772 0.00215169333291 0.986683202052 4.73234603193
0.985436169887 0.0322617038238 -0.166957292579 -0.946885119284 -0.0327029645089 0.999465109342 0.000106393976063 -0.786740983283 0.166871421133 0.00535515394143 0.985964122641 4.88364877671
0.985353249978 0.0378639218401 -0.166268746856 -0.990571171251 -0.0376748148809 0.999280833261 0.00429238864899 -0.805174790513 0.166311698572 0.00203462515282 0.986071132941 4.99884532738
0.984043054203 0.0426132815046 -0.172752353718 -1.05187614181 -0.04232669127 0.999089531701 0.00534404823511 -0.828035826439 0.172822795608 0.0020532619949 0.984950793407 5.15098529542
0.982495738421 0.0527648542997 -0.178656077799 -1.11324809486 -0.0516443223138 0.998605834468 0.010920226144 -0.848208128252 0.178983205795 -0.00150250358391 0.98385098187 5.3052205714
0.980998918895 0.0545856755044 -0.186176059566 -1.16630277794 -0.0538213745045 0.998508555909 0.00916097280649 -0.871791297859 0.186398446271 0.00103334700648 0.982473689939 5.45699747229
0.979978442339 0.0466890228963 -0.193552028386 -1.21458249932 -0.046287572143 0.998906362683 0.00659842834428 -0.899367496961 0.193648426837 0.00249273594663 0.98106782286 5.6077631522
0.979238683391 0.043332755695 -0.198024930842 -1.25147424908 -0.0435068962878 0.999047088577 0.00347343930308 -0.920545996555 0.19798674432 0.00521412399856 0.980190829372 5.71907485067
0.978184344039 0.0461900951366 -0.202538549883 -1.30663858484 -0.0472079120102 0.998885066019 -0.000194749163535 -0.948202010087 0.202303737289 0.00975192262431 0.979274271021 5.86313599113
0.976179292765 0.0492529113591 -0.211301062701 -1.36295996823 -0.0502480265976 0.99873655152 0.000660667648518 -0.971073734647 0.211066634499 0.00997253134081 0.977420802121 6.03350931001
0.97404610074 0.0451902949506 -0.221792765606 -1.40363780672 -0.0450120258001 0.998969251898 0.00586099785222 -0.988993216122 0.221829013356 0.00427445958334 0.975076211293 6.19432629455
0.972989476953 0.0465143372652 -0.226114780956 -1.44329480916 -0.0457143052085 0.998916004744 0.00877597661575 -1.00623156979 0.226277882343 0.00179774721168 0.974061131586 6.30489257859
0.972311441776 0.0478660596332 -0.228734126282 -1.49454262691 -0.0467343343083 0.998853575989 0.0103651208496 -1.02806611043 0.22896803748 0.00061161152791 0.973433749027 6.45180263314
0.971970557484 0.0537055554255 -0.228886322659 -1.55153373831 -0.0534175370749 0.99854441068 0.00745832639816 -1.0517443674 0.228953711734 0.00497726995944 0.973424586019 6.59402362481
0.971106958734 0.0620287261651 -0.230442426278 -1.61418494795 -0.0631468344842 0.998001047051 0.00252732658526 -1.07570003174 0.230138549559 0.0120974053164 0.973082679319 6.7338221036
0.969440073518 0.0636792832715 -0.236919591294 -1.66101339029 -0.0652954457414 0.99786544678 0.00102707729246 -1.09049688302 0.236479277363 0.0144740804325 0.971528719274 6.84073420443
0.967097394154 0.0624163862337 -0.24663094889 -1.72106515523 -0.0636943298845 0.997965524189 0.00280086970078 -1.10916950101 0.246304004355 0.0130002792293 0.969105427793 6.98705706666
0.966033500722 0.0603711274726 -0.251265999391 -1.77785010612 -0.0605325091748 0.99814101774 0.007093943774 -1.1272911184 0.251227169739 0.00835677407552 0.967892077409 7.13696677232
0.965346251679 0.0636618474786 -0.253088489554 -1.83730849444 -0.0633960210981 0.997945913289 0.00921404679208 -1.14678927762 0.253155207093 0.00715005768991 0.967399254598 7.28633847143
0.964835731332 0.0666277013402 -0.254269071968 -1.88589010621 -0.065869615499 0.997761916251 0.0115044440891 -1.16132320008 0.254466511155 0.00564870727757 0.96706508923 7.39845216229
0.962590516889 0.0698903374248 -0.261791591788 -1.95361503091 -0.068624873349 0.997544513105 0.0139846749228 -1.18280862225 0.262126159614 0.00450389936781 0.965023104043 7.54626512926
0.960151571357 0.0691716150404 -0.270784504162 -2.01894423778 -0.0690941907926 0.997561700352 0.00983090987014 -1.21048844732 0.270804270314 0.00927047263454 0.962589790886 7.69124673324
0.958055399426 0.0641773705312 -0.279304702326 -2.07685025322 -0.064538641862 0.99788383986 0.00791238604927 -1.23853606769 0.279221444979 0.010445441977 0.960169921111 7.83974731093
0.957553226886 0.0560948220764 -0.282745802121 -2.10551922419 -0.0550566348263 0.998415584035 0.0116227586076 -1.26021553677 0.282949791734 0.00443762236602 0.9591244564 8.03760515612
0.956948324724 0.0509494569693 -0.285751739528 -2.14652093888 -0.049580986841 0.998697693592 0.0120267434767 -1.27806316979 0.285992359256 0.00265888121543 0.958228209143 8.15218657304
0.956165317119 0.0540789688266 -0.28779046452 -2.21036632739 -0.0520723656267 0.998536162732 0.0146287543994 -1.29983454379 0.288160294066 0.000998422702989 0.957581666531 8.30204237906
0.954648674661 0.0571635826886 -0.292195538606 -2.28165896537 -0.0545525561948 0.998364757589 0.0170830154591 -1.32236825829 0.292694254436 -0.000368264527571 0.956206012218 8.44875694322
0.952759128709 0.0660097343906 -0.296467127397 -2.35956062809 -0.0640982167734 0.997812511155 0.0161743991998 -1.34690002014 0.296886276658 0.00359270770903 0.954906085007 8.59231932772
0.951531483615 0.0705082257561 -0.299360027043 -2.41774486129 -0.0693187231442 0.997487649141 0.0146049454968 -1.36473066962 0.299637698416 0.00685418937833 0.954028442855 8.70071690054
0.949463537237 0.07351312105 -0.30514719807 -2.49166120202 -0.0725708632016 0.99725863155 0.0144461625454 -1.38703717492 0.305372659665 0.00842869097764 0.952195618504 8.84902824121
0.948543098513 0.0711965048552 -0.308540188566 -2.56198592565 -0.0705933035864 0.997418728606 0.013132605041 -1.40924266145 0.308678758182 0.00932402932291 0.951120647828 8.99796289579
0.946784289225 0.0755473178885 -0.312877152308 -2.63620330836 -0.0749514172629 0.997089606754 0.0139499517078 -1.43152961707 0.313020438194 0.0102429908823 0.949691153171 9.1464862028
0.944917195142 0.0759908225059 -0.318365967435 -2.69225350185 -0.0752755562422 0.997056349044 0.0145680287966 -1.44837576317 0.318535845641 0.010199594378 0.94785594017 9.25768267854
0.942759460345 0.0755778558455 -0.324796224786 -2.76575633533 -0.0750315127304 0.997079685669 0.014225769719 -1.47321126113 0.324922870889 0.0109584730916 0.945677027235 9.40747613232
0.941490733205 0.0709353094456 -0.329489576713 -2.83438481644 -0.0708175828964 0.997412508342 0.0123757082695 -1.49857386557 0.329514899877 0.0116820407598 0.944078100944 9.55938967337
0.94086969653 0.0673050770665 -0.332015422462 -2.90433921405 -0.0682541854703 0.99762900725 0.0088164652852 -1.52470506357 0.331821609178 0.0143662972064 0.943232754513 9.71137731946
0.939626997604 0.0694405093999 -0.335080767918 -2.95917428212 -0.0705777028908 0.997467487478 0.00879768598355 -1.55083836254 0.334843087473 0.0153826876159 0.942148332108 9.91314196931
0.937555968012 0.0706519303914 -0.340583486942 -3.02051272052 -0.0715348069023 0.997388160272 0.00998144029659 -1.56653371495 0.340399145485 0.0150054150531 0.940161294285 10.029129081
0.93564205739 0.0748364972874 -0.344925265987 -3.1044965377 -0.0755736601928 0.997075858857 0.0113293234354 -1.58618907087 0.344764502708 0.0154670733557 0.938561775971 10.1849780682
0.933209469276 0.0752447127602 -0.351366361018 -3.18716942572 -0.0745038686 0.997097925748 0.0156492822066 -1.60596832407 0.351524195493 0.0115740948491 0.936107248296 10.3446989698
0.931259779737 0.0776438004864 -0.35598688584 -3.27046844877 -0.0771565977992 0.996897082572 0.0155905796919 -1.63045420584 0.356092799787 0.0129478571627 0.934360889022 10.5026509947
0.930503131641 0.0802769781828 -0.357378690999 -3.33384545979 -0.0803996540884 0.996656646178 0.0145404694231 -1.65028578157 0.357351112534 0.0152031708012 0.933846371717 10.6203791515
0.928369781386 0.0811457354626 -0.362691216637 -3.42034931779 -0.0820901268945 0.99654225824 0.0128350538749 -1.67704383652 0.362478633958 0.0178576918374 0.931820982145 10.7776402575
0.926845631247 0.0839090470257 -0.365945962766 -3.50536093707 -0.0858235090005 0.996248911406 0.0110648915226 -1.69970873085 0.365501711542 0.0211513202612 0.930570320025 10.9385149686
0.925709779804 0.078011800839 -0.370102097407 -3.58993302935 -0.0764309496966 0.996894616492 0.018958732508 -1.71973027041 0.370431793321 0.0107369706941 0.928797611946 11.1058074358
0.923130766866 0.0821190436561 -0.375614230207 -3.65747380794 -0.0812031914475 0.996529595281 0.0182977437855 -1.73744021205 0.375813290031 0.0136098639932 0.92659545792 11.2275607314
0.92225685945 0.0825275167219 -0.377665849901 -3.74727451055 -0.0827658880616 0.996446444646 0.0156298024596 -1.76259375901 0.377613682182 0.0168431569274 0.92581003186 11.3902665033
0.919045668186 0.0781438343664 -0.386327064725 -3.83944247553 -0.0778374821638 0.996830131407 0.0164625480733 -1.78833884876 0.386388905326 0.0149408925159 0.922214933501 11.55329749
0.918260256506 0.0862180516127 -0.386477100094 -3.937854014 -0.088170068533 0.996024341752 0.0127102184223 -1.81588213605 0.386036449492 0.022404423973 0.922211419063 11.7119342077
0.916299252574 0.0906825141478 -0.390092759944 -4.01027594403 -0.0933889279702 0.995556572124 0.0120673042982 -1.84623676668 0.389453704393 0.025373082751 0.920696485714 11.9219600937
0.913870058566 0.0909704255894 -0.395684088289 -4.08527651132 -0.0928371099109 0.995576109238 0.0144734839289 -1.86169690705 0.395250284099 0.0235072835887 0.918272628656 12.0458131183
0.912097382317 0.0946583591466 -0.398896177238 -4.18604493064 -0.096159030432 0.995232565396 0.0162966757705 -1.88398921653 0.398537082387 0.0234933143355 0.916851273732 12.2113983729
0.909550067664 0.0959065336384 -0.404376818348 -4.28655346655 -0.0980278692216 0.995062804847 0.0155097151897 -1.90923521647 0.403867814102 0.025533335365 0.914460954616 12.3758644369
0.907189382352 0.0977185112994 -0.409216956025 -4.38847796263 -0.10130399426 0.994771029314 0.0129653378433 -1.93694455934 0.40834412607 0.029693295334 0.912344991172 12.5387106036
0.905196140397 0.0962486311092 -0.413951867274 -4.46409880935 -0.101679961065 0.994776885131 0.00895177781269 -1.9574115932 0.412651345481 0.0339874950216 0.910254754041 12.6621115756
0.903504982115 0.0956383369185 -0.41777033859 -4.56676236039 -0.0994537062675 0.994961328069 0.0126852653784 -1.97920603252 0.416878528595 0.0300876080725 0.908464103989 12.8320041924
0.901057913779 0.102710314444 -0.421361160197 -4.67416760096 -0.105415145729 0.994283996831 0.0169405045946 -1.99572571056 0.420692623024 0.0291534723781 0.906734686654 13.0018535224
0.899563677593 0.10933324878 -0.422884654092 -4.78560522679 -0.110420423947 0.993641221192 0.0220103049319 -2.01119998242 0.422602082261 0.0268954319363 0.905916174825 13.17109031
0.896260821912 0.114539057369 -0.428482605764 -4.87086361151 -0.114941481544 0.993056796132 0.0250330876396 -2.02460923962 0.42837482994 0.0268142498196 0.903203189255 13.296065388
0.893478379368 0.118054525724 -0.433312259875 -4.98026814131 -0.119224942256 0.992562916703 0.0245818943566 -2.04523852548 0.432991684384 0.0296982380309 0.900908550249 13.4628756381
0.89166990065 0.114150202907 -0.438057666811 -5.0849191202 -0.11522764508 0.993043720447 0.0242231106716 -2.06840551416 0.437775488218 0.0288773346701 0.898620454618 13.6315336251
0.889831267603 0.11640087983 -0.441192872076 -5.19233866713 -0.117244239656 0.992776716443 0.0254593706903 -2.09169980971 0.440969504006 0.0290727787345 0.897051096691 13.7988692995
0.888497203855 0.12173459066 -0.442440287698 -5.28434261672 -0.123788153124 0.992009695217 0.0243568828524 -2.13472759593 0.441870130115 0.0331278437727 0.896467140546 13.9962472792
0.88722507525 0.126732776556 -0.443588175219 -5.36162013587 -0.128821626077 0.991338142416 0.0255670891112 -2.14721888655 0.442986065811 0.0344599874795 0.895865980356 14.1323979809
0.884646166918 0.131264069443 -0.447404630541 -5.47480840267 -0.134728728483 0.990586201068 0.0242311364713 -2.17075308571 0.446373530889 0.0388422749908 0.894003326949 14.2926295318
0.882661828311 0.137243232725 -0.449524628818 -5.58876335045 -0.141208391612 0.989667110371 0.0248837454484 -2.1938899517 0.448294866111 0.0415127175725 0.892921277212 14.4518700007
0.879894863681 0.140930602486 -0.45378804981 -5.70198539341 -0.146743992866 0.988916612281 0.0225861575301 -2.21855590719 0.4519416217 0.0467172263428 0.890823367081 14.6078720542
0.878739450539 0.147870554508 -0.453818550938 -5.78774674921 -0.1544517532 0.987737858891 0.0227723087566 -2.23627719282 0.451621117752 0.0500821447427 0.890803089789 14.7245943609
0.876637264782 0.155470223186 -0.455341757033 -5.90097003127 -0.163309364535 0.986321534283 0.0223580514463 -2.25872605076 0.452589391669 0.0547616719215 0.890035955362 14.8800800659
0.874721022411 0.160132731646 -0.45740642891 -6.01172401206 -0.167249401441 0.985592377364 0.0252052256418 -2.27995909674 0.454852471325 0.0544534107068 0.888900475527 15.0370138924
0.87320465038 0.163126976599 -0.459242014695 -6.12017920424 -0.173336812448 0.984655929214 0.0201754929083 -2.30420104687 0.455486539873 0.0619862127383 0.888082046562 15.1910531758
0.87218947854 0.164631906462 -0.460632010285 -6.19970519384 -0.176753363648 0.984107513453 0.0170484722238 -2.32126716471 0.456118144743 0.0665487591233 0.887427462216 15.3079646387
0.871398888655 0.159513107962 -0.463917606088 -6.30344656459 -0.170436712391 0.985192899936 0.0186085191303 -2.34343161525 0.460016634395 0.0628531487123 0.88568288782 15.4666824932
0.869487793694 0.164428825461 -0.465783359486 -6.41070454469 -0.177079781284 0.984052636064 0.0168273740233 -2.36520733638 0.461122248084 0.0678496191102 0.884738775859 15.6225456369
0.867750730694 0.167373915637 -0.467968633291 -6.5182257572 -0.179782554145 0.983534240153 0.0184019474818 -2.38583491019 0.463343180165 0.0681642927792 0.883553465606 15.7782361699
0.865696560876 0.169921726287 -0.470846122871 -6.62606478832 -0.183651469714 0.982843834742 0.0170333256435 -2.40897532158 0.465662541073 0.0717258910444 0.882050902383 15.9314376362
0.865248403579 0.174280243508 -0.470076160666 -6.69240744607 -0.189029132628 0.981839838304 0.0160785240806 -2.42514941218 0.464341670671 0.074946171627 0.882479395928 16.0868566028
0.863757778944 0.178127506202 -0.47137362129 -6.80374846907 -0.19372583105 0.980930147099 0.015695505594 -2.44505948833 0.465180396941 0.0777601314682 0.881793944329 16.2385445154
0.861589259525 0.18458213934 -0.472856618552 -6.91911024403 -0.200626830423 0.979523653697 0.016801391705 -2.46287315575 0.466275479504 0.0803918259865 0.880979189044 16.3896030405
0.85870156815 0.193192621925 -0.474666438344 -7.03570474723 -0.208981890302 0.977717491147 0.0198765447422 -2.4793162721 0.467929681023 0.0821286694083 0.879941302178 16.5404691652
0.856661100788 0.199758440814 -0.475634653617 -7.12207445664 -0.217121400909 0.975962927278 0.018832467882 -2.49373494433 0.467963733279 0.0871374196478 0.879441308123 16.6524949905
0.855505040492 0.204570804872 -0.475669960673 -7.23534291187 -0.223211355238 0.974609402684 0.0176975448061 -2.51502895258 0.467212817232 0.0910345977818 0.879445783105 16.8029389679
0.854401890984 0.206929527203 -0.476631492303 -7.34679511443 -0.225167523049 0.974129159532 0.0192864489318 -2.53610624522 0.468291570763 0.0908435540916 0.878891605053 16.9552543038
0.854026228816 0.213423251589 -0.474436208753 -7.4597168514 -0.233650963722 0.972176462261 0.016737782953 -2.55852025739 0.464807947056 0.0965579717459 0.880130746222 17.1056643444
0.852165420585 0.219795033353 -0.474872866432 -7.54546874682 -0.241763083555 0.970215971075 0.0152177823873 -2.57436445089 0.46407403223 0.101838660557 0.879922826063 17.2187335784
0.850372560404 0.223507434959 -0.476351692587 -7.65726186943 -0.245803863197 0.969188414318 0.0159461089151 -2.59275146419 0.465238615497 0.103528952812 0.879110224363 17.3734086769
0.849479750765 0.225197879152 -0.477147847387 -7.76486682172 -0.245418270951 0.969200396303 0.0205052210419 -2.61106666434 0.467069615073 0.0996820296337 0.878583785216 17.5328691646
0.84953251859 0.22350823075 -0.477847853029 -7.86662500405 -0.245255478614 0.969303065938 0.0173584726413 -2.63415925264 0.467059150502 0.102448216918 0.878271092991 17.6937121816
0.850659361689 0.221594330202 -0.476733262101 -7.94082123922 -0.242108356051 0.970065161654 0.0188977796328 -2.65197469638 0.466649969786 0.0993455332024 0.878844850205 17.817896005
0.852905269176 0.213744682976 -0.476304327411 -8.01766728685 -0.232429278857 0.972404178033 0.0201679169351 -2.67805414594 0.467471103002 0.0935057487141 0.879049169737 18.0273441644
0.852548347714 0.218534290209 -0.474767394429 -8.12417026336 -0.238090948348 0.971048550531 0.0194271157576 -2.70300364303 0.465267681153 0.0964752637443 0.879896873707 18.1871917813
0.852421458625 0.219820728119 -0.474401206116 -8.23409404581 -0.24078748894 0.970428853909 0.0170066066624 -2.73066177934 0.464111023404 0.0997330787135 0.880144460282 18.3438607616
0.850940677356 0.224739407023 -0.474754844685 -8.34574139203 -0.247206470373 0.968838192846 0.0155408200647 -2.75700320947 0.463453260456 0.104138153495 0.879980863633 18.5010604516
0.85039570104 0.22587347778 -0.475192933122 -8.42707838966 -0.249968875478 0.968168463713 0.0128602941028 -2.77726942255 0.462971611382 0.107847104308 0.879787638665 18.6199886885
0.85166227436 0.223989996438 -0.473814153363 -8.53156296558 -0.248850649899 0.968484515412 0.0105402775591 -2.80505431516 0.461242587448 0.108932203237 0.880561781263 18.7810791824
0.852744755583 0.222759750541 -0.472445208849 -8.63405759147 -0.247851279146 0.968752402325 0.0094088477117 -2.83156897431 0.459778343608 0.109072803797 0.881309819655 18.9438526576
0.853801688201 0.222206943813 -0.470793746078 -8.73760957523 -0.246733235995 0.969032788128 0.00990786499621 -2.85679350841 0.458416172795 0.107701112596 0.882187668733 19.1066143672
0.853735409695 0.222222904801 -0.470906392837 -8.81580553898 -0.246570988284 0.969070157212 0.0102848499471 -2.87404926462 0.458626861369 0.107331314088 0.882123228946 19.2276689036
0.853453854875 0.224636279515 -0.47027126164 -8.92131972152 -0.248619798018 0.968533535032 0.0114449793503 -2.89807830138 0.45804444504 0.107150984337 0.882447705489 19.3871074537
0.853041767732 0.226907105545 -0.469928620067 -9.02697569691 -0.252351380828 0.967592653374 0.00912347141731 -2.92354351474 0.456769660879 0.110804433979 0.882657268883 19.543764294
0.852816181652 0.227797322236 -0.469907374165 -9.13125392351 -0.253260143619 0.967353384791 0.00931281845341 -2.94736402089 0.456687924043 0.111066686795 0.882666602471 19.7010607452
0.852650173838 0.227129985948 -0.470531242893 -9.20793668904 -0.253411800594 0.967327605889 0.00773060186488 -2.96609735502 0.456913712176 0.112646670473 0.882349470027 19.8178774878
0.852671223044 0.228965009704 -0.469602821248 -9.2941955875 -0.256429428174 0.966546417036 0.00565438598362 -2.99417420881 0.455187580849 0.115598650709 0.882859682053 20.003826656
0.852451851187 0.227324724884 -0.470796464371 -9.38499332483 -0.254977374603 0.966932994905 0.00520785996078 -3.02020516865 0.456412510618 0.115602996594 0.882226483013 20.1760097363
0.852837308964 0.226510032719 -0.470490945201 -9.48196263914 -0.253983794646 0.96719419931 0.00525479567759 -3.0451164364 0.456246376967 0.115015589804 0.882389175821 20.3308747823
0.853922934065 0.223715520437 -0.469858477197 -9.57458032478 -0.250512949192 0.968096701851 0.00566022541336 -3.07179868001 0.456134722385 0.112872236533 0.882723610908 20.4846082366
0.855137668113 0.221909358921 -0.468503794005 -9.64344305839 -0.248349913148 0.968654732309 0.00550728743206 -3.09164890933 0.455040535792 0.111643387619 0.883444319008 20.5986026472
0.855320586589 0.223736219697 -0.467299473734 -9.73644191233 -0.249645796087 0.968314207902 0.00667617188076 -3.11549303244 0.453986421221 0.110949081882 0.884073882985 20.7494604572
0.855937558573 0.221192733452 -0.467380648393 -9.82791212541 -0.2458237871 0.969276992436 0.00853098063372 -3.13820167789 0.454908300122 0.107591294269 0.884015017903 20.8984274684
0.855964529142 0.224579715273 -0.46571308371 -9.92001275066 -0.249979551436 0.968222455608 0.00744985374675 -3.16186035296 0.452586951551 0.110041937209 0.884904414805 21.0429551513
0.855581692909 0.226475234365 -0.465498587516 -9.98715906013 -0.253218934737 0.967394781118 0.00524485999213 -3.17953522889 0.451508735076 0.113385650261 0.88503308213 21.1502925285
0.857085872955 0.224004653799 -0.46392426263 -10.0739124937 -0.249583250458 0.968331802942 0.00645914091784 -3.20330561552 0.450679495286 0.110251687001 0.885851318248 21.2946424909
0.857298644144 0.222826800411 -0.464098321228 -10.158859199 -0.247969218409 0.968742162416 0.00706324844032 -3.22417312382 0.451165492331 0.109026784668 0.885755529904 21.4382895003
0.858330000637 0.221051428996 -0.463039820907 -10.2418099985 -0.245615040024 0.969338732684 0.00746146319306 -3.24716194008 0.450491800282 0.107325146438 0.886306070622 21.5800562255
0.859267334382 0.220424460526 -0.461597990969 -10.3233774439 -0.244952107549 0.969510016079 0.00698525086196 -3.26916572776 0.449063595799 0.10706720284 0.887061723334 21.7207386787
0.859877093858 0.220538085072 -0.460406707696 -10.3841090583 -0.243958373682 0.969744986536 0.00888667538057 -3.28472338805 0.448436946927 0.104678623042 0.887663613374 21.826271762
0.86108805703 0.218121922246 -0.459293136325 -10.4328622627 -0.240463247094 0.9706054365 0.010124891833 -3.30863258703 0.448000875934 0.101724695492 0.888227055144 22.016844776
0.861604849715 0.217396170006 -0.45866762281 -10.5138961716 -0.239711537244 0.970794354807 0.00983359485505 -3.33068737564 0.447409724815 0.101475247931 0.888553494281 22.1525996677
0.862098038749 0.217109915688 -0.457875808593 -10.5937291886 -0.239768362727 0.970789547298 0.00887620928533 -3.35355768268 0.446428161992 0.102131970342 0.888971853781 22.2861337415
0.862828489806 0.216541862408 -0.456767576568 -10.6523165439 -0.239797907263 0.97079572587 0.0072541232902 -3.37245333715 0.444998832416 0.103272844723 0.889556495503 22.3857507834
0.864399616793 0.213964525444 -0.455008224475 -10.728522644 -0.236905635082 0.971508971294 0.00678518686168 -3.39612811531 0.443496361377 0.101928899464 0.890461384283 22.5192376271
0.865334660679 0.21381317915 -0.453298852249 -10.8065226252 -0.236905756974 0.971514108626 0.00599992106021 -3.41882374213 0.44166909258 0.102197168073 0.89133840459 22.6501875693
0.864843837308 0.215485443883 -0.453443668547 -10.8851790314 -0.239001943535 0.971002961602 0.00559638693469 -3.43992567691 0.441501085001 0.103533917315 0.891267367241 22.779391676
0.865234351075 0.214791692973 -0.453027644134 -10.9428188068 -0.237809756711 0.971291176793 0.00632214334628 -3.45536848496 0.441379697464 0.102264258239 0.891474051307 22.8767339162
0.865921231194 0.215912186234 -0.451178843922 -11.018311852 -0.237682646118 0.971304362188 0.00864845245094 -3.47433405396 0.440099285504 0.0997485029016 0.892391648923 23.0072682571
0.866868195117 0.214813702127 -0.449882879952 -11.0924887137 -0.236406068804 0.971617942635 0.00841095605206 -3.49531887342 0.438921066854 0.0990638527796 0.89304795512 23.1361457193
0.867543873901 0.215556360886 -0.448222134815 -11.1666957769 -0.237993120115 0.971245458393 0.00644471329555 -3.51694907905 0.436722911735 0.101082712831 0.893898978371 23.2632717962
0.867702085891 0.216661728339 -0.447382147177 -11.2223256664 -0.239507601346 0.970878008152 0.00565704732206 -3.53343904452 0.435579153584 0.102242793194 0.894325003677 23.3586126404
0.868856198482 0.21501561852 -0.445934064804 -11.2952683008 -0.236940192319 0.971500620335 0.0067742122599 -3.55353923246 0.434681782025 0.0997738867642 0.895040177811 23.4869957056
0.869438907023 0.21562090506 -0.44450378205 -11.3357403062 -0.237458315553 0.971374390497 0.00673363650444 -3.58129792547 0.43323150316 0.0996966337798 0.895751665297 23.667830136
0.870352021424 0.214613893179 -0.443202251413 -11.4079063801 -0.237097246479 0.971473992125 0.00481438850605 -3.60449371966 0.43159269516 0.100891820675 0.896408715936 23.7952075864
0.871559997002 0.213066547472 -0.441571985042 -11.4796819217 -0.235756460046 0.971805553669 0.003585722322 -3.62804018851 0.429886104884 0.100978275913 0.897218660429 23.923743053
0.871810041923 0.213076245012 -0.441073423155 -11.5335309595 -0.236093618528 0.97172635797 0.00277281741356 -3.6432824654 0.429193492602 0.101717250444 0.897466738587 24.0210732198
0.8725876568 0.213348194205 -0.439401102901 -11.6052816701 -0.235769942536 0.971802056645 0.0036464910948 -3.66244470512 0.427788867781 0.100415689661 0.898283570969 24.1533930095
0.873814258615 0.210756466988 -0.438212680173 -11.6762392142 -0.232180505409 0.972660776685 0.00481937828023 -3.6821111553 0.427248000989 0.0975332001001 0.898858398486 24.2871484756
0.874853622782 0.210020104818 -0.436489054018 -11.7471985798 -0.231982574026 0.972715105132 0.00306750654208 -3.703589875 0.425223734113 0.098574235074 0.899704338172 24.4196402273
0.875546054604 0.209510708114 -0.435343966826 -11.8010654987 -0.231143576977 0.972913878347 0.00335143892581 -3.72038055841 0.424254349522 0.097692622579 0.900257962145 24.5191844157
0.875883718984 0.208220482891 -0.435283748058 -11.8738781737 -0.229478963035 0.973306101667 0.00382596163036 -3.7436325609 0.42446097152 0.0965373656287 0.900285188534 24.652073764
0.875952190133 0.208435310835 -0.435043080393 -11.9465655657 -0.229080270422 0.973394083031 0.00511750161967 -3.76622824731 0.424535028359 0.0951770997502 0.900395096266 24.7865722542
0.877592232106 0.204425560982 -0.433638171942 -12.0154555204 -0.224250407548 0.974515636915 0.00557028925835 -3.78908575478 0.423725888827 0.0923550942027 0.901069868386 24.9230884828
0.879275179759 0.20054654999 -0.432037312679 -12.0665768909 -0.219867436272 0.975515078328 0.00535186152522 -3.80816855546 0.422532210284 0.0902851773078 0.901839851654 25.0253866657
0.880947186927 0.200424160092 -0.428674946664 -12.1374442183 -0.220205344896 0.975447145718 0.00353157042408 -3.83234263512 0.4188575652 0.0912853874476 0.903451890315 25.160411631
0.881203450031 0.202068997976 -0.427374074683 -12.1771313908 -0.222368541769 0.97495954414 0.00247364552304 -3.85879022598 0.417172280102 0.0928547648078 0.904071502353 25.343942361
0.881413535711 0.203061517558 -0.42646945864 -12.2535707173 -0.223727439159 0.974650297205 0.00168259470792 -3.88055343141 0.416000254848 0.0939298581106 0.904500397856 25.4784886051
0.88149154058 0.203580766538 -0.426060483243 -12.3286068378 -0.224522973363 0.974468177267 0.0010981464555 -3.90288610549 0.415405944008 0.0946923597194 0.904694013848 25.6141540094
0.882536778018 0.203675759879 -0.423845514643 -12.3838530304 -0.22422059905 0.974537364043 0.00143144867644 -3.92009401892 0.413344841999 0.0937715890951 0.905733366213 25.7169016242
0.883291602673 0.205856502357 -0.421211401893 -12.4572476275 -0.226833522217 0.973933497401 0.00030957833348 -3.94304241069 0.410295622503 0.095271417947 0.906962435317 25.8536539855
0.884174887158 0.204505951864 -0.420014386148 -12.5297545538 -0.224381737792 0.974498980575 0.00213836466019 -3.9644365406 0.409740899429 0.0923528695295 0.907514927054 25.9919295261
0.884543296018 0.203448152477 -0.419752315923 -12.6020478454 -0.222741210377 0.974872600238 0.00312514066745 -3.98770630421 0.409840835775 0.0907318166807 0.907633310745 26.1290071461
0.884808207772 0.203405570781 -0.419214276038 -12.6553812642 -0.223065970595 0.974800937393 0.00216915182279 -4.00617993164 0.409091686815 0.091593156035 0.90788473142 26.2308121914
0.88629041204 0.199922195681 -0.417756413715 -12.724256716 -0.219502772831 0.97561113273 0.0012043305486 -4.0302102435 0.407808580398 0.0906313045601 0.908558269121 26.3678560825
0.8874673678 0.198166534304 -0.416090970549 -12.7947933482 -0.217782048574 0.975997373554 0.000325783577323 -4.05284560605 0.406168253818 0.0903280216654 0.909322933887 26.5050242856
0.887859272218 0.199607678545 -0.414563248978 -12.8672403249 -0.219963661096 0.975507069885 -0.00139441793785 -4.07405915414 0.404131043765 0.0924268968965 0.910019432867 26.6424451499
0.888183527507 0.19837664065 -0.414459563661 -12.9214907645 -0.217739262174 0.976006823863 0.0005417392537 -4.08866506278 0.404622830761 0.0897629557111 0.910067567057 26.7466180514
