1	-2.09583291182e-17	5.70094137953e-18	0	-2.09583291182e-17	1	6.27211689409e-17	0	5.70094137953e-18	6.27211689409e-17	1	0
0.999999996272	-8.39816426298e-05	-2.00926708755e-05	0.00030986554228	8.3978403444e-05	0.999999983488	-0.000161158875578	0.000325521379791	2.01062049309e-05	0.000161157187627	0.999999986812	-0.00193220584261
0.999999943589	0.000105433549029	-0.000318911917439	0.000217875837008	-0.000105501369701	0.999999971824	-0.000212653360594	0.000741146389524	0.000318889487655	0.000212686994242	0.999999926537	-0.00390222460707
0.99999975128	0.000228280639519	-0.000667329380406	0.000223423857819	-0.000228678080932	0.999999796511	-0.000595554460149	0.00194880881599	0.000667193291058	0.000595706915624	0.999999599993	-0.00473778655713
0.99999969198	0.000228360011022	-0.000750927331991	0.000382947562942	-0.000228970554465	0.999999643247	-0.000813067200552	0.00183608091181	0.000750741392061	0.000813238890358	0.999999387515	-0.00434063682787
0.999999677296	0.000249367775782	-0.000763690387324	0.000565718276654	-0.000250105341876	0.999999502292	-0.00096584886884	0.00153016851901	0.000763449155644	0.000966039560202	0.999999241956	-0.00300794165826
0.999999413767	0.000386468887277	-0.00101148736582	0.000564087990254	-0.000387597384255	0.999999302465	-0.00111572261722	0.00191155150399	0.00101105546819	0.001116114013	0.999998866028	0.00026669893934
0.999998567379	0.000681249322536	-0.0015495613131	-0.000208391303563	-0.000682682047947	0.999999339844	-0.000924259727334	0.00120989000352	0.00154893063884	0.00092531626091	0.999998372301	0.00453815894034
0.999997746724	0.000839460805582	-0.00194983391074	-0.000741535347416	-0.000841215427778	0.999999241864	-0.00089923717152	0.00156375341892	0.00194907755814	0.000900875375658	0.999997694757	0.00849119938744
0.999996429102	0.00106147354624	-0.00245256152426	-0.00127561071581	-0.00106379908931	0.999998985666	-0.000947100011637	0.0015696032377	0.00245155371493	0.000949705662355	0.999996543966	0.0141732422045
0.999995378988	0.00113728954125	-0.00281932188316	-0.00187235348754	-0.00114004850294	0.999998872707	-0.000977176669696	0.000493643576189	0.00281820737215	0.000980386317842	0.999995548265	0.0201241479997
0.999993553496	0.00120142889655	-0.00338371630592	-0.00246562791516	-0.00120493693648	0.99999873856	-0.0010348940388	0.000318579050942	0.00338246868596	0.00103896453211	0.99999373971	0.0267648642948
0.999991747764	0.00126983435839	-0.00385900571664	-0.00329986150146	-0.00127369750361	0.999998690066	-0.000998780008014	-0.000492226752048	0.00385773237643	0.00100368697179	0.999992055225	0.0316412243083
0.999988226558	0.00157833733408	-0.00458863769346	-0.00449047122781	-0.00158319109713	0.999998190936	-0.00105433879784	-0.000617536817719	0.00458696529004	0.00106159107499	0.999988916325	0.0386437389585
0.999984241027	0.00200408528276	-0.00524417199443	-0.00603303648894	-0.00200925615154	0.999997500321	-0.000980939325031	-0.00174542991204	0.00524219299962	0.000991460751274	0.999985768108	0.0458165913841
0.999980052974	0.00250357397992	-0.0057987732446	-0.0075620239648	-0.00250884277729	0.999996446488	-0.000901509625445	-0.00195437527835	0.00579649564255	0.000916039853382	0.999982780606	0.0535792980696
0.999976737635	0.00286231844286	-0.00619122948024	-0.00895262784672	-0.00286758638845	0.999995533845	-0.000842162661858	-0.00284278581013	0.00618879129153	0.000859896956548	0.999980479529	0.0594081122076
0.999971423391	0.00331681720442	-0.00679346189939	-0.0107726733933	-0.00332114777248	0.99999428886	-0.000626279177893	-0.00308959720174	0.00679134584743	0.000648823371812	0.999976728054	0.0676555122015
0.999963558554	0.00383521256475	-0.00762710360994	-0.0129926188131	-0.00384112576956	0.999992333446	-0.000760790963627	-0.00432207665244	0.00762412734127	0.000790059903527	0.999970623812	0.0760381399767
0.999953699874	0.00440587096259	-0.00855490560159	-0.0152477921425	-0.00441251446456	0.999989977637	-0.000757852807043	-0.00563342050873	0.00855148085955	0.000795566363072	0.999963118945	0.0848482660958
0.999946063023	0.00476625072202	-0.00922788698153	-0.0168687380857	-0.00477309425603	0.99998834971	-0.000719733125649	-0.00671444697732	0.00922434904544	0.000763739879767	0.999957163126	0.0918682887178
0.999935869264	0.00508332354065	-0.0101201373631	-0.0189609462556	-0.00509161391468	0.999986722746	-0.000793599668948	-0.00826225411153	0.0101159688716	0.000845076607034	0.999948475182	0.101686457049
0.999925270657	0.00532860400791	-0.0110026851949	-0.0209124692188	-0.00533585564471	0.999985565876	-0.000629828575167	-0.00892273631319	0.0109991702737	0.000688490248395	0.999939270273	0.112121952267
0.999912740958	0.00572958069974	-0.0119030406006	-0.0229981338329	-0.0057393810832	0.999983218071	-0.000789354947386	-0.00961998337801	0.0118983181717	0.000857602155085	0.99992884474	0.122876724709
0.999902175967	0.00601833613709	-0.0126260891256	-0.0247615042793	-0.00602853021222	0.999981532194	-0.000769477021966	-0.0109018137675	0.012621224978	0.000845518508376	0.999919991689	0.131039014689
0.99988570198	0.00620550966176	-0.0137867554329	-0.0271659779748	-0.00621647504823	0.99998039429	-0.000752644025146	-0.012608530889	0.013781814594	0.000838263020569	0.999904674907	0.141964539211
0.999866605272	0.00656841457015	-0.0149541831033	-0.0296002346342	-0.00658075188628	0.999978045563	-0.000775949062738	-0.0133233468155	0.0149487580375	0.000874255323888	0.99988787887	0.153161872802
0.999846936968	0.00693613354913	-0.0160621507566	-0.0323697702468	-0.0069466193485	0.999975693665	-0.000597125557645	-0.0150178011334	0.016057618602	0.000708611807022	0.999870817033	0.164398609349
0.999832274645	0.00723029300346	-0.0168269260986	-0.0344740731064	-0.00724191233021	0.999973578751	-0.000629687665613	-0.0163114966689	0.0168219286839	0.000751441174619	0.999858218975	0.172967318505
0.999811622406	0.00782605627501	-0.0177615467818	-0.0373108077141	-0.00783761081085	0.99996911666	-0.000581019235454	-0.0170945422871	0.0177564511566	0.000720117875523	0.999842082467	0.184913688258
0.99978474483	0.00860285629454	-0.018880012431	-0.0406369748783	-0.00861484843136	0.999962738077	-0.00055393528771	-0.0188773200828	0.0188745434997	0.000716464495751	0.99982160323	0.197156367868
0.999762652055	0.00890034048921	-0.0198852582313	-0.043142607995	-0.00891411106885	0.999960086126	-0.000603969062377	-0.0202804900365	0.0198790890033	0.000781085112068	0.999802086278	0.206677744953
0.999730455135	0.0093578489749	-0.0212472995414	-0.0462808988758	-0.00937154043643	0.999955937684	-0.000544904043373	-0.0222917024523	0.0212412642064	0.000743877094103	0.999774102156	0.219863206826
0.999700351232	0.00969190920542	-0.0224783149247	-0.0490445346176	-0.00971035001355	0.999952600401	-0.00071137477982	-0.0245395789748	0.0224703548818	0.000929433922877	0.999747077667	0.23384193746
0.999674727701	0.00976070918792	-0.0235619895746	-0.0514976179121	-0.00978039194691	0.99995191142	-0.000720263753577	-0.0270087148507	0.023553826227	0.000950474964819	0.999722118325	0.248602782144
0.999655207606	0.00977285014693	-0.0243712393391	-0.0534266473548	-0.00979581025243	0.999951681311	-0.000822887816994	-0.0289612241832	0.0243620197935	0.00106134012772	0.999702638562	0.260264167587
0.999618922257	0.0100500064074	-0.02571006877	-0.0566016677615	-0.0100728181431	0.999948980651	-0.00075791138061	-0.0315997080756	0.0257011400448	0.00101659540462	0.999669154238	0.276601774343
0.999574988472	0.0104827139639	-0.0272021162581	-0.0600786107429	-0.0105073500556	0.999944505261	-0.000762884844166	-0.0333016416959	0.0271926095801	0.00104838276709	0.999629662864	0.29376341612
0.999528484514	0.0106021476815	-0.028816715789	-0.0638463761285	-0.0106314032448	0.999943113319	-0.000862201412509	-0.0360553488896	0.028805935315	0.00116815699694	0.999584340363	0.311277345102
0.999490404932	0.0106178549029	-0.0301030165521	-0.0667868380789	-0.0106524231089	0.999942773047	-0.000988187053929	-0.0381507602227	0.0300908014214	0.00130835354785	0.999546313024	0.324679252027
0.999437550974	0.0106769047361	-0.0317897060018	-0.071013103937	-0.010723584375	0.999941657937	-0.00129825302539	-0.0410670494086	0.0317739900009	0.00163842241881	0.999493736414	0.343467813357
0.999371501276	0.0107861562804	-0.033767754885	-0.0757948541811	-0.0108351543485	0.999940493562	-0.00126837076802	-0.0441129069203	0.0337520646409	0.00163345243479	0.999428901906	0.36346594914
0.999300723814	0.0109512104414	-0.0357510052159	-0.0812427266251	-0.0110134430141	0.999938157775	-0.00154424697047	-0.0472865415772	0.0357318829206	0.00193690877398	0.999359535366	0.384777534502
0.999232675264	0.0110126960411	-0.0375869819259	-0.0857622462757	-0.0110754750042	0.999937595653	-0.00146241369849	-0.0498002889197	0.0375685312173	0.00187758523109	0.999292289641	0.401866199591
0.999131680155	0.0109003060987	-0.0402127969327	-0.091514743444	-0.0109607217966	0.999939107379	-0.0012822294841	-0.0525024766955	0.0401963715762	0.00172187737863	0.999190315631	0.42631404065
0.999038650523	0.0104160686725	-0.0425826287781	-0.0968880753288	-0.0104763641948	0.99994440967	-0.00119304770955	-0.0565888761349	0.0425678347288	0.00163801190121	0.999092236164	0.452081962853
0.998942590901	0.00953209381773	-0.044975985495	-0.101907361343	-0.00958886521599	0.99995347798	-0.00104668072698	-0.0600289796065	0.0449639160624	0.00147684262013	0.998987520036	0.479446549874
0.998858212541	0.00867489472458	-0.046978904203	-0.106155894299	-0.00873534837408	0.999961261086	-0.00108167261764	-0.0624845363622	0.0469677008952	0.00149081467186	0.998895296087	0.501136772343
0.998710645817	0.00817484604701	-0.0501020740506	-0.113590884644	-0.00822395170578	0.999965883159	-0.000774039256875	-0.0661030965756	0.0500940370743	0.00118507828347	0.998743802503	0.531849795667
0.998521469059	0.00826198999746	-0.0537272309917	-0.122953428438	-0.0083033787661	0.999965376653	-0.000547171767974	-0.0697996468909	0.0537208500475	0.000992480306563	0.998555499335	0.564914809242
0.998369404933	0.00877383525773	-0.0564052400884	-0.130898634839	-0.00882167302355	0.999960908778	-0.000599167190672	-0.0725247246401	0.0563977781444	0.00109577877648	0.998407777358	0.591711324623
0.998164238453	0.00939571875054	-0.059832044447	-0.14294731974	-0.00944852862673	0.999955181784	-0.000599774424228	-0.0779836147008	0.0598237275697	0.00116399816616	0.998208278231	0.631098447151
0.997904354022	0.0100381317067	-0.0639228921126	-0.156713995254	-0.0101012967038	0.999948759457	-0.000665029588325	-0.084006420694	0.0639129410143	0.00130934002114	0.997954619008	0.675036823911
0.997620761056	0.0119351198632	-0.0678997056228	-0.173101621562	-0.0119537028331	0.999928543147	0.000132620594619	-0.0894938240759	0.0678964365662	0.000679347844933	0.997692143092	0.72415488479
0.99720784863	0.0147577154699	-0.0732032544633	-0.191885249157	-0.0146968420794	0.999891056789	0.00137017740701	-0.0953660289667	0.073215500154	-0.000290494993744	0.997316101419	0.777625907302
0.996930883859	0.0161436007141	-0.0766041576115	-0.206609116344	-0.0160062428297	0.999868995261	0.00240676250596	-0.100891424081	0.0766329759168	-0.00117323112381	0.997058679583	0.820070052752
0.99649577997	0.0175049291391	-0.0817908182951	-0.226446450008	-0.0172972728592	0.999845119322	0.00324680153769	-0.108741464699	0.0818349855085	-0.00182066592928	0.996644229564	0.879269304003
0.996077212397	0.0188956160252	-0.0864473402672	-0.247745898605	-0.0186192132629	0.999818635559	0.00400260999771	-0.118887759207	0.0865072935753	-0.00237732714438	0.996248380914	0.941027450278
0.99566193253	0.0201950135423	-0.0908266345217	-0.265741961052	-0.0198566093391	0.999792126743	0.00462799830931	-0.126994596891	0.0909012165818	-0.0028044127411	0.995855965536	0.989291597793
0.994881127767	0.0226555458025	-0.0984797840087	-0.292764630777	-0.0222010252666	0.99973722693	0.00570890245092	-0.136116535958	0.0985832444745	-0.00349332713565	0.995122676143	1.05696367859
0.994041784054	0.0241212891446	-0.106297201111	-0.320554433011	-0.0235615360477	0.999701135058	0.00651878696436	-0.145006270881	0.106422674149	-0.00397542128817	0.994313034438	1.12943139983
0.993291020621	0.0268538310509	-0.112480309882	-0.348428064598	-0.026163034912	0.999628697284	0.00761335473831	-0.152866987018	0.11264299338	-0.00461945062401	0.993624786687	1.20720844018
0.992750428946	0.0282811363242	-0.116819361223	-0.370251342496	-0.0274525913456	0.999585283297	0.00869578312948	-0.159477109819	0.11701684091	-0.0054257482469	0.993115109239	1.26744189166
0.991807733854	0.030726622068	-0.123989087278	-0.402718673297	-0.0297783197342	0.999511431593	0.00949472428112	-0.168089731364	0.124220250932	-0.00572475428831	0.992238155105	1.34846811292
0.990622501339	0.0340746824435	-0.132310150245	-0.439342156282	-0.0329535027563	0.999400089296	0.0106549599247	-0.179272301318	0.132593840346	-0.00619496015152	0.991151096438	1.4309915567
0.989254273747	0.0374535737236	-0.141326613517	-0.476091981342	-0.036214023998	0.999279789085	0.0113334721717	-0.191857755685	0.141649307583	-0.00609368040881	0.98989814664	1.5154430602
0.988355886857	0.0380194869113	-0.147333497651	-0.501452299237	-0.0367245996544	0.999259251401	0.0115000987263	-0.200804544021	0.147661588421	-0.00595542655866	0.989020014054	1.58055104655
0.987029825479	0.0372071372573	-0.156165785471	-0.534047945611	-0.0359094819658	0.999293138803	0.0111234817072	-0.213119637561	0.156469270848	-0.00537137575116	0.98766822142	1.669759208
0.985657732607	0.0348991583551	-0.16510870025	-0.56782175699	-0.033526096408	0.999376239414	0.011096528918	-0.224782460147	0.16539297147	-0.00540192933076	0.98621295071	1.76209615122
0.983945204143	0.035426290189	-0.174919447768	-0.606258875645	-0.0338649672308	0.999355525415	0.0119036892504	-0.235677133533	0.175228420179	-0.00578893658283	0.984510786622	1.8553721438
0.982617543333	0.0364165974249	-0.182034598269	-0.637667193427	-0.034881108371	0.999323789345	0.0116306632784	-0.245259199697	0.182335053716	-0.00507892522847	0.983223338161	1.92463257502
0.980553685907	0.037030210388	-0.192725796333	-0.682524037625	-0.0355974260224	0.999306843054	0.0108929649554	-0.258971592874	0.192995575892	-0.00382059465994	0.981192188484	2.01777661541
0.978160927546	0.0364254015006	-0.204632328696	-0.728545710542	-0.0353314925424	0.999335139071	0.00899808045612	-0.273839452182	0.20482403535	-0.00157160512983	0.978797550365	2.11267870082
0.976368619749	0.036409092318	-0.213022760204	-0.761613907404	-0.0354143975581	0.999336695117	0.00848470616232	-0.283805334573	0.213190381617	-0.000740128125892	0.977010395746	2.185536882
0.974265626622	0.0364607446589	-0.222434491214	-0.803833806373	-0.0351167750922	0.999333227726	0.00999560249402	-0.295910932669	0.222650625173	-0.00192718992658	0.974896397085	2.28351477777
0.972969023042	0.0358556857085	-0.228135157313	-0.847199407127	-0.0337312823047	0.999343691056	0.0132055950816	-0.304954071436	0.228458925835	-0.0051533435503	0.973539913027	2.38295405117
0.970812138901	0.0370529156394	-0.236961753041	-0.898387998885	-0.0339544810495	0.999276311459	0.0171448701903	-0.313428585215	0.237425533965	-0.0085985347475	0.971367685803	2.48237703905
0.968779253526	0.0433724043731	-0.244101602772	-0.941637673136	-0.0394993136041	0.999004295596	0.0207417840496	-0.318368587395	0.244758170776	-0.0104523643093	0.969527815959	2.55615736983
0.966337539606	0.05223042936	-0.251920109951	-0.999869966647	-0.0476160739916	0.998568076633	0.0243824901561	-0.327023874316	0.252832887589	-0.0115662689515	0.967440826292	2.65332414525
0.963641338155	0.0545781601682	-0.261565662563	-1.05514978426	-0.0496547853533	0.998443406496	0.0254001243507	-0.337430590947	0.262544803206	-0.0114886229882	0.964851407135	2.75101146939
0.960753174774	0.0532401097127	-0.272247732552	-1.10753056775	-0.0486256008036	0.998536492864	0.023673262673	-0.350600526072	0.273109663155	-0.00950595270754	0.961935937968	2.84913112892
0.958907067364	0.0545347261905	-0.278429883091	-1.14775698856	-0.0503862823107	0.998486598234	0.0220394124565	-0.361348205002	0.279210420138	-0.00710470167187	0.960203657825	2.92283423823
0.956012396458	0.0554092106954	-0.288045338774	-1.20234074447	-0.0513046771172	0.998445406234	0.021785336254	-0.374432906029	0.288804653573	-0.00604897841894	0.95736893721	3.02277615292
0.953244972728	0.0561245007296	-0.296941176645	-1.25760641425	-0.0519754739616	0.998409173887	0.0218556995786	-0.387499271872	0.297695435094	-0.00540017735388	0.95464562326	3.12332211684
0.950964900783	0.0607530935647	-0.303273505439	-1.31734567689	-0.0569167042551	0.998147801015	0.0214815294272	-0.40244584277	0.304016851927	-0.0031668520829	0.952661390417	3.2222639505
0.948556853991	0.0633979215924	-0.310194452375	-1.36332733006	-0.0598386119091	0.997987421199	0.0209868447674	-0.413189745712	0.310900683935	-0.00134560999581	0.950441452201	3.29664788938
0.945388273532	0.0683992424358	-0.318688807307	-1.42436387034	-0.0652446276917	0.997657129505	0.0205764551118	-0.428102707628	0.319349574645	0.00133999320866	0.947636034347	3.396745161
0.943058430507	0.0729562118843	-0.324527637956	-1.48323427947	-0.0699857497218	0.997330432648	0.0208327374368	-0.440928084198	0.325181167176	0.00306582137756	0.945646767696	3.49976882523
0.940806084553	0.0745362809901	-0.330648233148	-1.54003575835	-0.0717814325731	0.997208604177	0.0205529971814	-0.453334928101	0.331257207024	0.00439801904903	0.943530243407	3.60377214716
0.939444175272	0.0791487961915	-0.333436815017	-1.58589773944	-0.0769679189958	0.99683757926	0.019768156714	-0.46241410049	0.333946973324	0.00709285808761	0.942565175663	3.6801013854
0.936973512291	0.0883009526055	-0.338058543798	-1.6531687998	-0.0861649134963	0.996052064467	0.0213516405211	-0.473318718981	0.338609280658	0.00912286357083	0.940882845211	3.78215030448
0.932781025956	0.096702535873	-0.347229286168	-1.72011696806	-0.0940347765923	0.995265720861	0.0245683876022	-0.481751003803	0.347961231186	0.00973470255749	0.93745838156	3.88709393377
0.930438088784	0.101303665978	-0.352168326515	-1.77926540875	-0.0979885758649	0.994813662978	0.0272766374799	-0.4897514598	0.353105086257	0.00912925033466	0.935539125236	3.99744330377
0.929061598164	0.100404460366	-0.35603860908	-1.81993498527	-0.0964625909707	0.994918182017	0.0288579215332	-0.496323452219	0.357126749712	0.00753362001814	0.934025550619	4.08186424904
0.92733757666	0.100306825313	-0.360532328245	-1.87544823198	-0.0952928309128	0.994944219423	0.031706097418	-0.504633248933	0.361889893877	0.00495389064906	0.932207682696	4.1952110723
0.924390781614	0.10206595083	-0.367538058638	-1.93505432509	-0.0963843308562	0.994768981374	0.0338339247123	-0.514897503067	0.369068751903	0.00414914173612	0.929392834592	4.30693437136
0.922378161194	0.102909545016	-0.372328018415	-1.97893480044	-0.0967792974803	0.994684232559	0.0351716516304	-0.523966886078	0.373968307924	0.00359208069747	0.927434526867	4.39152878564
0.920882880982	0.101529253537	-0.376386145057	-2.03289890098	-0.095876415957	0.994820070045	0.0337748589792	-0.537898285826	0.37786562741	0.00498386516246	0.925847033105	4.50537699569
0.919955980185	0.0995308652143	-0.379176214168	-2.08643872362	-0.0944110303745	0.995014873634	0.0321241123	-0.552324086918	0.380483313517	0.0062456478546	0.924766694912	4.62124769958
0.918809216785	0.09645019037	-0.382736180584	-2.14274037468	-0.091978241471	0.995308592209	0.0300134864978	-0.567337198669	0.383835415571	0.00762673281545	0.923370026967	4.73768309454
0.916735961168	0.0983146212126	-0.387207196159	-2.18896671593	-0.0943703235979	0.995107738148	0.0292375016394	-0.57823492594	0.388187351064	0.00973779923351	0.921529031415	4.8234138528
0.914391173274	0.104539319086	-0.391101410128	-2.25437648681	-0.100854835656	0.994448346338	0.0300131402832	-0.592903575535	0.392067703801	0.0120007178861	0.919858086014	4.93708924127
0.911995514409	0.10960767986	-0.39528513533	-2.32072625608	-0.105593416629	0.993895294983	0.031971440007	-0.604756495087	0.396376351542	0.0125816981067	0.918001900222	5.0532414898
0.909954524763	0.112687235347	-0.399104434771	-2.38398211135	-0.107249839708	0.993579808498	0.0360088326294	-0.614100744388	0.400599843668	0.0100374864735	0.916198130384	5.17445026658
0.909412186839	0.114518183854	-0.399818783946	-2.42856480149	-0.109197090166	0.993362607102	0.0361486695719	-0.623142180817	0.401304709577	0.0107850071538	0.915881113296	5.26478849038
0.90953591275	0.121686793458	-0.397412566128	-2.49173487652	-0.116915186924	0.992477661686	0.036317077532	-0.636278904712	0.398842403069	0.0134318781933	0.916921110109	5.38407445446
0.907485922886	0.125509841475	-0.400894723658	-2.55904041504	-0.12064247674	0.991988468962	0.0374735940738	-0.647703337492	0.402386247988	0.0143581732719	0.915357389379	5.50424004642
0.904019663647	0.132052181878	-0.406584147504	-2.62828684285	-0.126426472707	0.991136463779	0.0408026612695	-0.656955982804	0.408368454633	0.0145165915107	0.912701744181	5.62593345863
0.902847071964	0.138347390819	-0.407096013367	-2.67755886117	-0.132407407518	0.990267325946	0.0428824159446	-0.666262740436	0.409066550919	0.0151862640664	0.912378175048	5.71720225259
0.902799212108	0.140711676717	-0.406391199034	-2.73838836706	-0.135434991252	0.989900683489	0.0418807828603	-0.683350663823	0.408180040866	0.0172296507173	0.912738841824	5.83822201499
0.902640496801	0.144144363468	-0.405539808177	-2.79909101911	-0.139347152163	0.989373361594	0.0415056930117	-0.700480929848	0.407213094975	0.0190460979981	0.91313456918	5.95932274384
0.901511911854	0.148776774339	-0.406376357829	-2.86197597937	-0.143769156685	0.988675727884	0.0430201659528	-0.714489365732	0.408174842893	0.0196411942055	0.91269245703	6.08264666717
0.900138650376	0.152554349414	-0.408016642521	-2.90986339522	-0.147541256277	0.98807937986	0.0439399225304	-0.724438291535	0.40985605741	0.0206472654556	0.911916499814	6.17569286534
0.899277670854	0.156329984639	-0.408485748352	-2.97194232205	-0.151049890394	0.987483914879	0.0453811465948	-0.735189847807	0.410467539905	0.0208914757058	0.911635862023	6.302690138
0.898440910382	0.156974722615	-0.410076659921	-3.03026607204	-0.152161334898	0.987349786595	0.0445794467485	-0.748982607296	0.411886948949	0.0223458132632	0.910960924472	6.43062741446
0.89909996378	0.157219918313	-0.408535374742	-3.07264698735	-0.153545466001	0.987248192576	0.0420094766154	-0.762646975824	0.409930536799	0.0249580355893	0.91177521981	6.52617645222
0.899814180221	0.159194844943	-0.406191386438	-3.12965152579	-0.157552132908	0.98678976121	0.037726550153	-0.781927376471	0.406831373531	0.0300494345038	0.913008907403	6.65418429764
0.899277156257	0.16016184076	-0.406999730957	-3.18885778675	-0.159473979608	0.986550484875	0.0358634998275	-0.801026889521	0.407269746068	0.0326546406568	0.91272396067	6.78353816039
0.89819001912	0.164891029175	-0.407511518918	-3.24921313606	-0.164660375557	0.985696204015	0.0359159311693	-0.816982267388	0.407604772144	0.0348416688452	0.912493511121	6.91395130458
0.898367760029	0.165897790125	-0.406710328086	-3.29147695241	-0.165077020652	0.985571933965	0.0373836893949	-0.829752142117	0.407044156073	0.0335542279257	0.91279196359	7.0152729124
0.898618921279	0.162703795569	-0.407445099647	-3.34281031387	-0.161422038979	0.986161856374	0.0377851606332	-0.84574407931	0.40795460489	0.0318161584686	0.912447682012	7.15217175223
0.899163827808	0.162479271324	-0.406331019185	-3.39392296484	-0.159997476873	0.986293119278	0.040332248372	-0.863810290612	0.407314642697	0.0287466390146	0.912835369927	7.28881198864
0.900476788891	0.161142974832	-0.40394862833	-3.44724226152	-0.159277630627	0.986484077583	0.0384681824054	-0.882927556344	0.404687767359	0.0297002750485	0.913972485698	7.42258699677
0.90058885288	0.165216034153	-0.402048977274	-3.49371141324	-0.164276852393	0.985716873665	0.0370858563412	-0.898307717804	0.402433639046	0.0326482316742	0.914866798574	7.52048955801
0.899403431019	0.17202267945	-0.40184781451	-3.55864103444	-0.172276042284	0.984397330475	0.0358170491416	-0.915372610837	0.401739260624	0.0370147741972	0.915005722914	7.65074117773
0.898983126916	0.176806612126	-0.400710318595	-3.61896714021	-0.177839667162	0.983438743347	0.0349469722153	-0.930025324144	0.400252907927	0.0398454513289	0.915538065677	7.78498972494
0.899633283385	0.177836504133	-0.398790838942	-3.67371973853	-0.178579669848	0.983280306914	0.0356249849426	-0.945838087913	0.398458601292	0.0391665141824	0.916349675191	7.92448421286
0.900730891202	0.176607751147	-0.396854587815	-3.71214838854	-0.177758486773	0.983479235447	0.0342127728382	-0.958112138622	0.396340487479	0.0397277696299	0.917243654819	8.02976819143
0.901705770408	0.175846338567	-0.394974390088	-3.76618929893	-0.177377088618	0.98359082743	0.0329613808727	-0.976180778391	0.394289325301	0.0403379400589	0.918100636393	8.16940537373
0.901392532992	0.177793523931	-0.394817634249	-3.82255951111	-0.178721071415	0.983285565068	0.0347602669988	-0.991788067744	0.394398630953	0.0392295854887	0.918101715239	8.30952845417
0.901497657113	0.180810349019	-0.39320426232	-3.87990787489	-0.180754411446	0.982812344081	0.0375198489319	-1.00847493317	0.393229979734	0.0372493491065	0.918685293792	8.45084248341
0.902164324715	0.181099699819	-0.391538542083	-3.92140265479	-0.180839252246	0.982782583726	0.0378887578628	-1.02045414504	0.391658902692	0.0366236515243	0.919381320286	8.55778781005
0.902690843143	0.181394009674	-0.390186436157	-3.9759600581	-0.181411493232	0.982705041028	0.0371574011657	-1.03997420615	0.390178307738	0.0372426582346	0.919985800205	8.69999182349
0.903831292905	0.182798837378	-0.386876697436	-4.03136229151	-0.184125781265	0.982315032034	0.0339834447104	-1.06115183169	0.386246929618	0.0405186733985	0.921505044189	8.84095414105
0.904098929344	0.184496479465	-0.385442829773	-4.08760824756	-0.186481384279	0.981917710009	0.0325930067492	-1.08024560628	0.38448643575	0.0424106099502	0.922155909208	8.98276259819
0.903843871325	0.186835879933	-0.384913769873	-4.13127045005	-0.188293725213	0.981514395821	0.0342777455644	-1.09396235418	0.384202719035	0.0414951173639	0.922315795116	9.09021149741
0.903665245495	0.189611365384	-0.383974809332	-4.18970911325	-0.191482683907	0.980915785834	0.0337431899243	-1.11263698002	0.38304504415	0.0430319790368	0.922726797558	9.23217372528
0.904084918464	0.191729153976	-0.381929825652	-4.24737057771	-0.193451643665	0.980510465679	0.0342883107836	-1.13174311378	0.381060260025	0.0428854078781	0.923555044392	9.37548643994
0.904354716424	0.190892268908	-0.381710215417	-4.28888798493	-0.192659559357	0.980677087787	0.0339815196476	-1.14608311038	0.38082127182	0.0428087743398	0.923657170041	9.48384393323
0.904398403654	0.192239431272	-0.380929821007	-4.34394547366	-0.194041158901	0.980401309479	0.0340778670611	-1.16597567316	0.380015205118	0.0430960953581	0.923975741264	9.62840746771
0.905191902345	0.189737770973	-0.380298827496	-4.39704325642	-0.191494883038	0.980918355274	0.0335989591504	-1.18547843439	0.379417091996	0.0424117737406	0.924253164317	9.77420467401
0.905487323422	0.187965290754	-0.380475697771	-4.44902952871	-0.189455667016	0.981303608588	0.0339083766664	-1.2053636705	0.379735773082	0.0413796718755	0.92416906754	9.92076813021
0.906468178279	0.188982995092	-0.377625302825	-4.48938952223	-0.190426775588	0.981116189764	0.0338919654377	-1.22125549164	0.376899303404	0.0411879806289	0.925338027612	10.0304847831
0.907451980901	0.191212822204	-0.374123721492	-4.54612460634	-0.193496669189	0.98058420499	0.0318379637729	-1.24280492932	0.372947638914	0.0435002706799	0.926832123461	10.1746520992
0.907041197606	0.194134499832	-0.3736148576	-4.60726069574	-0.196632149702	0.979960660259	0.0318261221118	-1.26375922001	0.372306410834	0.0445970886952	0.927037774922	10.3203501783
0.906207922746	0.196998642898	-0.374137321646	-4.6673609296	-0.199750673394	0.979329441959	0.0318357125123	-1.28337676938	0.372675286585	0.045884407036	0.926826710858	10.4686883317
0.90636701684	0.198200538422	-0.373115769373	-4.70997970966	-0.201371874616	0.979027548923	0.0308937949059	-1.29837925032	0.371413783938	0.0471339051996	0.927270292893	10.5814581484
0.907539079785	0.195899687049	-0.371478305258	-4.7647698697	-0.199163884041	0.979507560147	0.02997810717	-1.32103391789	0.369738510243	0.0467787583173	0.927957532333	10.7342978735
0.908647340956	0.190953200959	-0.371344698115	-4.81834670666	-0.194785266411	0.980458913767	0.0275502886201	-1.34528295957	0.369349035146	0.0472989794554	0.928086255032	10.8886510251
0.909462582509	0.190723998329	-0.36946199734	-4.87558569717	-0.195446534042	0.980395857215	0.0249923085638	-1.37207080353	0.366985644607	0.0494804973512	0.928909692615	11.0438432544
0.909687584328	0.19061544002	-0.368963755598	-4.92036391713	-0.196214728955	0.980298759818	0.0226742506109	-1.39283647145	0.366016774288	0.0517696390342	0.929167167637	11.1615976929
0.909652492241	0.189751200504	-0.369495365691	-4.98117027389	-0.195924437123	0.980391328054	0.0211295720239	-1.41698683691	0.366259413937	0.0531726036911	0.928992312088	11.322830009
0.909768399929	0.190440046278	-0.368855049123	-5.04422794514	-0.196807335686	0.980224236694	0.0206716815616	-1.44136162686	0.36549737497	0.0537869368141	0.929257033505	11.4874715028
0.910221083766	0.192721249979	-0.366546175092	-5.11075834865	-0.199432898967	0.979710029037	0.0198690164332	-1.46550235471	0.362938145526	0.0550161686328	0.930187681982	11.6544905432
0.909707474018	0.196630020288	-0.365744373623	-5.16340123237	-0.203213542261	0.978912831311	0.0208308649825	-1.48047372667	0.362127833724	0.0553742161611	0.930482201994	11.7824903785
0.909152912911	0.201206936527	-0.364632348591	-5.23396452584	-0.207302602182	0.978011188357	0.0227979511491	-1.50220794015	0.361201622469	0.054862411007	0.930872442273	11.9571708951
0.908834990275	0.203222574571	-0.36430693877	-5.30200646025	-0.209893197801	0.977484505134	0.0216538158222	-1.52605680102	0.360504931961	0.0567858028672	0.93102715676	12.1346149753
0.909767340298	0.201931820735	-0.362693984374	-5.36841844038	-0.208607735513	0.977771407891	0.0211160269667	-1.55222116023	0.358895805507	0.0564500990735	0.931669033028	12.3167285759
0.909842887102	0.200081722195	-0.36352885062	-5.41807077543	-0.206837605215	0.978156489362	0.0206902727662	-1.57211888619	0.359727849712	0.0563665393802	0.931353148585	12.4558086336
0.910587694508	0.198906379545	-0.362306917939	-5.48556189875	-0.205472253941	0.978442932046	0.0207504599839	-1.59837817689	0.358624041958	0.0555489055307	0.931827835828	12.6446604269
0.910766237059	0.19848259648	-0.362090486381	-5.55552189543	-0.204945683225	0.978550188045	0.0208996747537	-1.6255959764	0.358471935248	0.0551741639896	0.931908623883	12.835621514
0.911165152353	0.197957577734	-0.361373577555	-5.62745231691	-0.20459758715	0.978637335105	0.0202186466427	-1.65484662587	0.35765610923	0.055513635779	0.932201879301	13.0283517518
0.911333813861	0.199394425772	-0.360156275366	-5.68273783836	-0.206486988253	0.978262766158	0.0191071722613	-1.67697938617	0.356137337829	0.0569545724319	0.932696292092	13.1739384366
0.911538886258	0.200637883232	-0.358944701384	-5.7575217395	-0.207523435291	0.978032034001	0.0196815719244	-1.70647145577	0.355008285318	0.056548919359	0.933151293775	13.3707760879
0.911270880455	0.200061420007	-0.359945566245	-5.8318121417	-0.206820384968	0.978172986962	0.0200732642837	-1.73639585309	0.356104915434	0.0561518993608	0.93275733897	13.569257478
0.911336104537	0.201308534868	-0.359084082572	-5.88765124137	-0.207911269273	0.977931231232	0.0205769553474	-1.7603128822	0.355301855718	0.0559051050536	0.933078351776	13.7191015875
0.912027773669	0.198939828664	-0.358647856021	-5.95920784715	-0.205670588129	0.978422717472	0.019712815943	-1.79249892348	0.35483087413	0.0557846798418	0.933264764287	13.9208599715
0.912777944181	0.19659891257	-0.358029736464	-6.03016524906	-0.203464546491	0.978901689618	0.0188058603709	-1.82594739195	0.354173125657	0.055680783392	0.933520780392	14.1231094736
0.914295368915	0.193065428296	-0.356075439727	-6.1010427201	-0.200452030465	0.97956585197	0.0164233107887	-1.86040303992	0.351970115014	0.0563602878957	0.934312879118	14.3251119607
0.914614362065	0.192703204976	-0.355451886331	-6.15645268614	-0.200586347346	0.979562309256	0.0149264712173	-1.88577233124	0.351063649447	0.0576468305861	0.934575388591	14.4765632415
0.914277159946	0.194728047476	-0.355215796844	-6.23260900298	-0.203255394576	0.979031990458	0.0135501378724	-1.91803066364	0.350406220517	0.0598109453764	0.934686113856	14.6782024783
0.9141356588	0.194934261533	-0.355466779026	-6.3079408477	-0.203842530442	0.978922353069	0.0126194074977	-1.95063267598	0.350434330643	0.0609233973383	0.934603723277	14.8807079118
0.914662565243	0.194344497198	-0.354432797795	-6.38179538688	-0.203954088485	0.978924809783	0.0104377478861	-1.98355521011	0.348991578027	0.0627410009468	0.935023232474	15.0832991221
0.915083655251	0.194004407947	-0.353531036245	-6.43681763104	-0.203879674417	0.978949994073	0.00948617227151	-2.00906725418	0.347929565072	0.0633971513695	0.935374694412	15.235064148
0.915522681264	0.19408886393	-0.35234604154	-6.51021187751	-0.204563615458	0.978823363553	0.00765180983941	-2.04402244445	0.346369668594	0.0650717746889	0.93583851001	15.436945938
0.915701601574	0.192748747937	-0.352616643174	-6.58226582003	-0.203357754953	0.979078806603	0.00709323354368	-2.07736151149	0.346606694072	0.0652120435987	0.935740983924	15.6397702013
0.9159402852	0.192210071902	-0.352290621798	-6.65386112098	-0.202992522802	0.979158989307	0.00645827725334	-2.11168880256	0.346189875117	0.0655969657687	0.935868371326	15.8418673018
0.916706555263	0.190181174949	-0.35139751313	-6.70644835191	-0.200964973921	0.979580683019	0.00589616091453	-2.13670963183	0.345343554733	0.0652135427006	0.936207788396	15.9938780297
0.916900967466	0.188158658425	-0.351978600373	-6.77624791481	-0.198697734274	0.980040579725	0.00629860989205	-2.16942890028	0.346138449547	0.0641621489033	0.935986854819	16.1964936377
0.917619195113	0.187591972148	-0.35040585718	-6.84662796132	-0.198185263206	0.980147806036	0.0057340885821	-2.20469659632	0.344525201122	0.0641835672845	0.936580405242	16.3968549638
0.917864546091	0.186536063645	-0.350326950132	-6.89919064108	-0.197442504556	0.980303339369	0.00467121150693	-2.23128526883	0.344298028493	0.064881891018	0.936615827217	16.5462923905
0.917835627338	0.185799388004	-0.350793883365	-6.96928907365	-0.196668427462	0.980458645128	0.00473020428754	-2.26535018646	0.344817764665	0.064648531385	0.936440749093	16.7455610553
0.918301482598	0.184409906826	-0.350307541059	-7.03850267331	-0.195367706627	0.980721350196	0.00413430484652	-2.3004647842	0.344316491422	0.0646422426407	0.936625610477	16.9439732913
0.918688282634	0.182497443672	-0.350294907763	-7.10697673209	-0.193569367138	0.981080462646	0.00346784088563	-2.33463543633	0.344300362267	0.0646204988196	0.936633040029	17.1421113277
0.919203088587	0.181749544244	-0.349331912513	-7.15834078054	-0.193072205609	0.981181486216	0.00245245336391	-2.3601382039	0.343203737383	0.0651919801319	0.93699583797	17.2901017459
0.919373714241	0.180900551385	-0.349323580755	-7.22698309829	-0.192173582971	0.98135794141	0.00242998755004	-2.39211132728	0.343251056183	0.0648966974505	0.936999002715	17.4878329873
0.919471943566	0.181330991835	-0.34884153479	-7.29684536918	-0.192669187655	0.981261226856	0.00223356165678	-2.42556884862	0.342709686357	0.0651573178508	0.937179062297	17.6838450437
0.91956552865	0.182886558871	-0.347781174165	-7.36776929586	-0.194393516425	0.980921900989	0.00183981866318	-2.45947349974	0.341482648594	0.0659145715707	0.937573927733	17.8779927632
0.919658516695	0.183188084063	-0.347376364376	-7.42110415315	-0.194824749922	0.980836989512	0.00145493018423	-2.4860516436	0.340986113335	0.0663394743833	0.937724663561	18.0229984101
0.919449322475	0.184526986645	-0.347221448934	-7.49168677086	-0.196377620862	0.980527748895	0.00107873628145	-2.51979681123	0.340659321646	0.0671946787109	0.937782545012	18.2160063582
0.919640895216	0.184190699987	-0.346892504797	-7.55999433927	-0.196241017714	0.980555610255	0.000397699628496	-2.55304359625	0.340220644307	0.0677087973362	0.937904809643	18.4093874105
0.920010204226	0.18155369705	-0.347303151738	-7.62560577774	-0.19387477	0.981026004889	-0.000742488661604	-2.58780123288	0.340578621873	0.0680164158088	0.937752616367	18.6023557163
0.920614051954	0.179049620383	-0.347002882964	-7.67394346881	-0.191378068445	0.981515556548	-0.00128342232464	-2.61431630865	0.340358931516	0.0675902781133	0.937863184074	18.7471214255
0.920867405259	0.17643981138	-0.34766681592	-7.73781856255	-0.188916619096	0.9819910391	-0.00202735230755	-2.64832427002	0.341047992167	0.0675469620945	0.937615952803	18.9397641515
0.921266617609	0.176005297079	-0.346828422538	-7.8036938369	-0.188481829209	0.982074023821	-0.00228293561914	-2.68275218901	0.340209375735	0.0674740478776	0.93792581451	19.1313642537
0.921343925013	0.174839739887	-0.347212380537	-7.87070841502	-0.187364515475	0.982287153259	-0.00254693603991	-2.71772717158	0.340616955219	0.0674018834938	0.937783064423	19.3216753857
0.921437537696	0.175996192017	-0.346378701019	-7.9217790598	-0.18865355435	0.982039483547	-0.00287909470103	-2.74216945203	0.339650850957	0.0679984790304	0.938090350816	19.4641011278
0.921487841569	0.176541245406	-0.345967262196	-7.98982139628	-0.189072442368	0.981959910382	-0.00251911494289	-2.77378363863	0.339281254092	0.067734209034	0.938243202772	19.6542720736
0.921276151081	0.177237597518	-0.346174937677	-8.0571757621	-0.189806103617	0.98181853351	-0.00245158854967	-2.8054326999	0.339446455983	0.0679647061533	0.938166777411	19.8439149758
0.921501027551	0.177874872193	-0.345248296252	-8.12354208622	-0.190708022142	0.98164136517	-0.00326810011507	-2.8391528509	0.338328695965	0.0688531773402	0.938505691755	20.0325013079
0.921839109601	0.176937023932	-0.344827414184	-8.171857981	-0.189716107387	0.98183317453	-0.00337875575716	-2.86405876815	0.337965167745	0.0685339839378	0.938660022818	20.1744214054
0.922221266604	0.173916111336	-0.345342035728	-8.23517196077	-0.186737619731	0.982401954877	-0.00393197551737	-2.89735413197	0.338580857109	0.0681145011868	0.938468655805	20.3629539927
0.922343614137	0.175105951112	-0.344412780463	-8.30126575915	-0.187850589221	0.982190635163	-0.00370301599812	-2.93087130836	0.337630587463	0.068113596904	0.9388110163	20.5502547513
0.922226174086	0.175779882713	-0.344383966909	-8.3510676708	-0.188545696451	0.982057647669	-0.00364650585949	-2.95608787084	0.337563926066	0.0682950180351	0.93882180755	20.6900653586
0.922468135759	0.174557964088	-0.344357453357	-8.4164818334	-0.187317148293	0.982291927646	-0.00385419725725	-2.98954088682	0.337586765831	0.0680594303152	0.938830703312	20.8763548149
0.922373007931	0.175590178036	-0.344087377881	-8.48155932486	-0.188440451684	0.982076553831	-0.00397977197406	-3.02097809991	0.337221337417	0.0685108151533	0.938929197436	21.0626251328
0.922681891439	0.173807984146	-0.344164076943	-8.54512754495	-0.186535519077	0.982440305721	-0.00394281847386	-3.05372610723	0.337435367639	0.0678367919472	0.938901242051	21.2486990894
0.922716909351	0.171901441855	-0.345026664893	-8.59215420195	-0.184611695356	0.982803174438	-0.00405490463937	-3.07833484848	0.338396257568	0.0674374866256	0.938584124233	21.3878295645
0.923032674564	0.171717114512	-0.344273022862	-8.6548123861	-0.184380058006	0.98284640049	-0.00411670413324	-3.11108915778	0.337660592751	0.0672769323515	0.938860553265	21.5730072608
0.923289844964	0.172044020607	-0.343419156657	-8.71831354456	-0.184825280717	0.982760773013	-0.00456931439219	-3.1425310711	0.336712752645	0.0676913436096	0.939171126157	21.7576942563
0.923369335264	0.17224856015	-0.343102760439	-8.78327981994	-0.184683795388	0.982791273303	-0.00363439695321	-3.17457327959	0.336572379163	0.0667214107048	0.939290842571	21.9416887064
0.923363785446	0.1724473924	-0.343017807964	-8.83165771016	-0.184728876089	0.98278435195	-0.00318745993933	-3.19764828463	0.336562864952	0.0663084792193	0.939323492477	22.079747523
0.923321116427	0.174361263541	-0.342164091827	-8.89586073052	-0.186797358712	0.982392384848	-0.00345672823333	-3.22865521428	0.335536678677	0.0671070187709	0.939633857039	22.2629900896
