1.000000000 0.000000000 0.000000000 0.000000000 0.000000000 1.000000000 0.000000000 0.000000000 0.000000000 0.000000000 1.000000000 0.000000000
1.000000000 -0.000060225 0.000038436 -0.000163919 0.000060227 1.000000000 -0.000055595 -0.000076310 -0.000038433 0.000055597 1.000000000 -0.000055299
1.000000000 0.000015425 0.000018888 -0.000118296 -0.000015423 1.000000000 -0.000081754 -0.000084131 -0.000018889 0.000081753 1.000000000 -0.000032805
1.000000000 0.000023391 -0.000013299 -0.000103011 -0.000023391 1.000000000 -0.000008887 -0.000066727 0.000013299 0.000008888 1.000000000 -0.000128909
1.000000000 0.000042129 -0.000020223 0.000101094 -0.000042130 1.000000000 -0.000069415 -0.000052151 0.000020220 0.000069416 1.000000000 -0.000053853
1.000000000 0.000004308 -0.000020248 0.000116069 -0.000004311 1.000000000 -0.000147485 -0.000063728 0.000020247 0.000147486 1.000000000 -0.000326365
1.000000000 0.000033578 0.000036863 -0.000064120 -0.000033578 1.000000000 -0.000023565 -0.000088702 -0.000036863 0.000023563 1.000000000 -0.000111067
1.000000000 -0.000057447 0.000001246 -0.000020153 0.000057447 1.000000000 -0.000138760 0.000114627 -0.000001239 0.000138760 1.000000000 -0.000222214
1.000000000 -0.000014045 -0.000037339 0.000064074 0.000014041 1.000000000 -0.000100935 -0.000047400 0.000037340 0.000100935 1.000000000 -0.000272041
1.000000000 0.000093041 0.000053695 -0.000110534 -0.000093037 1.000000000 -0.000056788 -0.000011542 -0.000053701 0.000056783 1.000000000 -0.000132054
1.000000000 0.000075708 -0.000003637 -0.000045201 -0.000075708 1.000000000 -0.000067222 -0.000199093 0.000003632 0.000067222 1.000000000 -0.000345699
1.000000000 0.000046372 0.000001550 -0.000019980 -0.000046372 1.000000000 -0.000168657 -0.000060446 -0.000001558 0.000168657 1.000000000 -0.000439961
1.000000000 -0.000040012 -0.000019955 0.000050982 0.000040011 1.000000000 -0.000073951 -0.000000904 0.000019958 0.000073950 1.000000000 -0.000126955
1.000000000 0.000037715 0.000033513 -0.000150107 -0.000037714 1.000000000 -0.000028980 -0.000058193 -0.000033514 0.000028979 1.000000000 -0.000163101
1.000000000 0.000100174 0.000053704 -0.000249935 -0.000100169 1.000000000 -0.000100958 -0.000029154 -0.000053714 0.000100953 1.000000000 -0.000144700
1.000000000 0.000086464 0.000018735 -0.000099523 -0.000086462 1.000000000 -0.000084829 -0.000027479 -0.000018743 0.000084828 1.000000000 -0.000162558
1.000000000 0.000049055 0.000042689 -0.000120766 -0.000049053 1.000000000 -0.000048087 -0.000043862 -0.000042691 0.000048085 1.000000000 -0.000053274
1.000000000 0.000068270 0.000012777 -0.000013490 -0.000068269 1.000000000 -0.000057761 -0.000097185 -0.000012780 0.000057760 1.000000000 -0.000007716
1.000000000 0.000080144 0.000017592 -0.000097919 -0.000080143 1.000000000 -0.000059772 -0.000161007 -0.000017596 0.000059771 1.000000000 -0.000272702
1.000000000 0.000029919 0.000048747 -0.000154360 -0.000029918 1.000000000 -0.000034285 -0.000079659 -0.000048748 0.000034283 1.000000000 -0.000033711
1.000000000 0.000027650 0.000012880 -0.000276292 -0.000027648 1.000000000 -0.000147104 -0.000003072 -0.000012884 0.000147104 1.000000000 -0.000192086
1.000000000 -0.000034019 -0.000062553 0.000102626 0.000034014 1.000000000 -0.000079364 -0.000187793 0.000062555 0.000079362 1.000000000 -0.000277826
1.000000000 0.000058858 0.000047817 -0.000089228 -0.000058857 1.000000000 -0.000027709 -0.000061230 -0.000047819 0.000027706 1.000000000 -0.000084762
1.000000000 0.000023803 -0.000066662 0.000194907 -0.000023812 1.000000000 -0.000138157 0.000073952 0.000066659 0.000138159 1.000000000 -0.000130787
1.000000000 -0.000026184 -0.000046567 0.000039365 0.000026178 1.000000000 -0.000121104 -0.000175664 0.000046570 0.000121103 1.000000000 -0.000512754
1.000000000 0.000064746 0.000042119 -0.000181531 -0.000064744 1.000000000 -0.000039825 -0.000093138 -0.000042122 0.000039822 1.000000000 -0.000035290
1.000000000 0.000054941 -0.000002730 -0.000117717 -0.000054942 1.000000000 -0.000107569 -0.000040807 0.000002724 0.000107569 1.000000000 -0.000129956
1.000000000 0.000024355 0.000004344 -0.000081970 -0.000024354 1.000000000 -0.000124595 -0.000036246 -0.000004347 0.000124595 1.000000000 -0.000150315
1.000000000 0.000030742 0.000002959 -0.000008428 -0.000030742 1.000000000 -0.000016888 -0.000061252 -0.000002959 0.000016888 1.000000000 0.000008159
1.000000000 0.000106403 0.000002528 -0.000078685 -0.000106403 1.000000000 -0.000065780 -0.000043661 -0.000002535 0.000065780 1.000000000 -0.000086661
1.000000000 0.000082295 0.000011873 -0.000100984 -0.000082293 1.000000000 -0.000129287 -0.000035273 -0.000011883 0.000129286 1.000000000 -0.000111041
1.000000000 0.000048347 -0.000006141 -0.000023758 -0.000048347 1.000000000 -0.000041395 -0.000048265 0.000006139 0.000041396 1.000000000 -0.000095386
1.000000000 -0.000029999 -0.000033443 0.000132870 0.000029997 1.000000000 -0.000052714 -0.000070719 0.000033444 0.000052713 1.000000000 -0.000135943
1.000000000 0.000018074 -0.000058541 0.000071655 -0.000018082 1.000000000 -0.000133949 -0.000102685 0.000058538 0.000133950 1.000000000 -0.000309960
1.000000000 0.000026549 0.000013778 -0.000052596 -0.000026549 1.000000000 -0.000057431 -0.000045123 -0.000013779 0.000057431 1.000000000 -0.000117803
1.000000000 0.000068177 0.000033462 -0.000124970 -0.000068176 1.000000000 -0.000026722 0.000036369 -0.000033464 0.000026720 1.000000000 -0.000040277
1.000000000 0.000066832 0.000053558 -0.000147509 -0.000066825 1.000000000 -0.000113849 -0.000042400 -0.000053566 0.000113846 1.000000000 -0.000142545
1.000000000 0.000041836 0.000045301 -0.000133025 -0.000041832 1.000000000 -0.000087202 -0.000037918 -0.000045305 0.000087200 1.000000000 -0.000134230
1.000000000 -0.000014500 0.000033306 -0.000088432 0.000014501 1.000000000 -0.000018725 -0.000081030 -0.000033305 0.000018726 1.000000000 -0.000244342
1.000000000 0.000055209 0.000053483 -0.000227097 -0.000055206 1.000000000 -0.000055317 -0.000116931 -0.000053487 0.000055315 1.000000000 -0.000230506
1.000000000 0.000068327 0.000047548 -0.000176439 -0.000068325 1.000000000 -0.000042558 -0.000176714 -0.000047551 0.000042555 1.000000000 -0.000112904
1.000000000 0.000028389 0.000011590 -0.000038904 -0.000028388 1.000000000 -0.000047632 -0.000013585 -0.000011592 0.000047632 1.000000000 -0.000043157
1.000000000 0.000009510 -0.000001931 -0.000073059 -0.000009511 1.000000000 -0.000102998 -0.000030823 0.000001930 0.000102998 1.000000000 -0.000187543
1.000000000 0.000053855 0.000002987 -0.000017463 -0.000053855 1.000000000 -0.000096471 -0.000084223 -0.000002992 0.000096471 1.000000000 -0.000018073
1.000000000 -0.000016968 0.000020189 -0.000007751 0.000016968 1.000000000 -0.000031651 -0.000002858 -0.000020188 0.000031651 1.000000000 -0.000013246
1.000000000 -0.000053872 -0.000035703 -0.000020475 0.000053868 1.000000000 -0.000106883 -0.000061584 0.000035709 0.000106881 1.000000000 -0.000167262
1.000000000 -0.000044520 -0.000022051 0.000000331 0.000044517 1.000000000 -0.000149336 -0.000072447 0.000022057 0.000149335 1.000000000 -0.000397552
1.000000000 -0.000010136 -0.000043724 0.000111872 0.000010136 1.000000000 0.000000896 -0.000158474 0.000043724 -0.000000896 1.000000000 -0.000152504
1.000000000 0.000058439 0.000022511 -0.000055576 -0.000058438 1.000000000 -0.000036842 -0.000017532 -0.000022513 0.000036840 1.000000000 -0.000170632
1.000000000 -0.000015632 -0.000000069 -0.000037306 0.000015632 1.000000000 -0.000055533 -0.000085504 0.000000070 0.000055533 1.000000000 -0.000040715
1.000000000 0.000030608 0.000014358 -0.000173593 -0.000030607 1.000000000 -0.000032088 -0.000032947 -0.000014359 0.000032087 1.000000000 -0.000100961
1.000000000 0.000032867 0.000009367 -0.000074055 -0.000032867 1.000000000 -0.000005757 -0.000165862 -0.000009367 0.000005757 1.000000000 -0.000093052
1.000000000 -0.000038928 -0.000008781 -0.000077619 0.000038928 1.000000000 -0.000082763 -0.000047856 0.000008784 0.000082763 1.000000000 -0.000157335
1.000000000 -0.000019658 -0.000010650 -0.000026330 0.000019658 1.000000000 -0.000003163 -0.000054262 0.000010650 0.000003163 1.000000000 -0.000048343
1.000000000 0.000038120 0.000004129 -0.000009549 -0.000038120 1.000000000 -0.000014096 -0.000162886 -0.000004130 0.000014096 1.000000000 -0.000157313
1.000000000 0.000047445 0.000033957 -0.000101942 -0.000047440 1.000000000 -0.000118534 -0.000042694 -0.000033962 0.000118532 1.000000000 -0.000102759
1.000000000 0.000017565 -0.000021295 0.000089967 -0.000017566 1.000000000 -0.000042849 -0.000094765 0.000021294 0.000042850 1.000000000 -0.000013376
1.000000000 -0.000027194 0.000013630 0.000022394 0.000027194 1.000000000 -0.000006175 -0.000002846 -0.000013630 0.000006176 1.000000000 0.000027489
1.000000000 0.000000794 -0.000002917 -0.000055833 -0.000000794 1.000000000 -0.000093066 -0.000203105 0.000002917 0.000093066 1.000000000 -0.000414230
1.000000000 0.000010051 0.000029305 -0.000137545 -0.000010049 1.000000000 -0.000051340 -0.000215767 -0.000029305 0.000051340 1.000000000 -0.000408536
1.000000000 0.000064832 0.000054248 -0.000140411 -0.000064835 1.000000000 0.000043798 -0.000170189 -0.000054245 -0.000043801 1.000000000 -0.000073957
1.000000000 0.000048107 -0.000040582 0.000028696 -0.000048109 1.000000000 -0.000052862 -0.000139298 0.000040580 0.000052864 1.000000000 -0.000022723
1.000000000 0.000136832 0.000183184 -0.000413259 -0.000136726 0.999999821 -0.000579893 -0.000570521 -0.000183263 0.000579868 0.999999821 -0.000037612
1.000000000 0.000070573 0.000076865 -0.000515834 -0.000070523 0.999999762 -0.000652326 -0.001417004 -0.000076911 0.000652321 0.999999762 0.001383817
1.000000000 -0.000050903 -0.000238371 -0.000247742 0.000050632 0.999999344 -0.001136765 -0.001967036 0.000238429 0.001136753 0.999999344 0.003410672
1.000000000 0.000037129 -0.000207220 -0.000268874 -0.000037399 0.999999166 -0.001300861 -0.003003665 0.000207171 0.001300868 0.999999106 0.006460549
0.999999881 -0.000407704 -0.000311712 0.000848748 0.000407262 0.999998927 -0.001417572 -0.004347435 0.000312290 0.001417444 0.999998927 0.010615035
0.999999821 -0.000543222 -0.000318413 0.001077852 0.000542745 0.999998748 -0.001495154 -0.006088174 0.000319225 0.001494980 0.999998808 0.015482538
0.999999523 -0.000752108 -0.000589370 0.001820204 0.000751147 0.999998391 -0.001629121 -0.007387847 0.000590594 0.001628678 0.999998510 0.021054406
0.999999344 -0.000841586 -0.000761017 0.002214138 0.000840429 0.999998510 -0.001520514 -0.009121519 0.000762296 0.001519874 0.999998569 0.027537981
0.999999046 -0.000983656 -0.000978131 0.002851791 0.000982157 0.999998331 -0.001531606 -0.010999466 0.000979636 0.001530644 0.999998331 0.033937901
0.999998748 -0.001155776 -0.001087249 0.003454844 0.001154063 0.999998093 -0.001574993 -0.012845636 0.001089067 0.001573736 0.999998152 0.041149944
0.999998510 -0.001243168 -0.001198537 0.004222760 0.001241135 0.999997795 -0.001696000 -0.014359414 0.001200643 0.001694510 0.999997854 0.048955102
0.999998331 -0.001264261 -0.001297753 0.004382293 0.001262194 0.999997914 -0.001591884 -0.015949374 0.001299763 0.001590244 0.999997914 0.055972181
0.999997795 -0.001406953 -0.001554554 0.005260939 0.001404522 0.999997795 -0.001563592 -0.017377162 0.001556750 0.001561405 0.999997556 0.064136147
0.999997437 -0.001405664 -0.001783469 0.005614120 0.001403583 0.999998331 -0.001167437 -0.019358659 0.001785107 0.001164931 0.999997735 0.071137153
0.999996006 -0.002037115 -0.001953556 0.006583703 0.002033156 0.999995887 -0.002026050 -0.021610888 0.001957676 0.002022070 0.999996066 0.077892132
0.999996305 -0.001983241 -0.001871290 0.007056767 0.001978261 0.999994516 -0.002659793 -0.024916248 0.001876555 0.002656081 0.999994695 0.088835798
0.999996424 -0.001773010 -0.001998232 0.007981913 0.001764939 0.999990284 -0.004033705 -0.030850416 0.002005365 0.004030164 0.999989867 0.101687312
0.999997199 -0.001627867 -0.001705333 0.009212040 0.001618334 0.999983132 -0.005576499 -0.038148403 0.001714382 0.005573724 0.999983013 0.118243307
0.999996603 -0.001863791 -0.001816473 0.011178902 0.001849662 0.999968290 -0.007748764 -0.046769321 0.001830858 0.007745379 0.999968350 0.141275212
0.999994397 -0.002696133 -0.001974558 0.013015835 0.002676833 0.999949276 -0.009712194 -0.057756424 0.002000644 0.009706854 0.999950886 0.171437874
0.999992728 -0.002918794 -0.002452457 0.016463852 0.002890061 0.999928057 -0.011639130 -0.070389442 0.002486253 0.011631958 0.999929249 0.208051801
0.999994278 -0.002886654 -0.001762164 0.018427052 0.002863919 0.999914348 -0.012770780 -0.083657317 0.001798878 0.012765661 0.999916911 0.251065403
0.999996185 -0.001272051 -0.002417264 0.020250713 0.001241283 0.999918699 -0.012687750 -0.096041434 0.002433208 0.012684703 0.999916613 0.302181125
0.999991477 0.000940692 -0.004017297 0.019690825 -0.000994141 0.999910712 -0.013323526 -0.110602736 0.004004405 0.013327406 0.999903142 0.358461887
0.999988019 0.002688967 -0.004073991 0.020231552 -0.002748258 0.999889374 -0.014618478 -0.127562776 0.004034231 0.014629502 0.999884844 0.422037363
0.999982476 0.003519210 -0.004760216 0.023163818 -0.003594265 0.999867857 -0.015851336 -0.146160454 0.004703802 0.015868166 0.999863029 0.492509961
0.999979794 0.004157948 -0.004808669 0.027049044 -0.004240398 0.999841988 -0.017264886 -0.164933592 0.004736122 0.017284928 0.999839365 0.568053782
0.999970376 0.003772910 -0.006712671 0.031609431 -0.003887235 0.999846160 -0.017100442 -0.184214786 0.006647120 0.017126026 0.999831259 0.651770830
0.999958396 0.004463290 -0.007965741 0.034522455 -0.004593857 0.999854088 -0.016448641 -0.205347538 0.007891163 0.016484546 0.999833047 0.739065588
0.999951303 0.004679810 -0.008686706 0.038246617 -0.004814757 0.999867022 -0.015579547 -0.228479639 0.008612642 0.015620611 0.999840915 0.829178333
0.999927223 0.007568574 -0.009396872 0.040820356 -0.007700578 0.999871016 -0.014091977 -0.252107948 0.009289004 0.014163308 0.999856591 0.921630859
0.999926448 0.008508411 -0.008636201 0.044263579 -0.008627855 0.999866307 -0.013888746 -0.276933759 0.008516876 0.013962232 0.999866247 1.017487526
0.999881029 0.011187674 -0.010614200 0.045238465 -0.011327876 0.999848068 -0.013241994 -0.300362647 0.010464440 0.013360655 0.999855995 1.114029884
0.999858975 0.010805279 -0.012854529 0.046608280 -0.010973652 0.999853969 -0.013100740 -0.325757593 0.012711095 0.013239955 0.999831498 1.212799311
0.999800265 0.014212019 -0.014054956 0.049057584 -0.014387111 0.999819160 -0.012435880 -0.349685401 0.013875676 0.012635606 0.999823868 1.312128782
0.999841332 0.012278472 -0.012911248 0.056207344 -0.012447114 0.999837101 -0.013063355 -0.373330504 0.012748749 0.013221989 0.999831319 1.410477519
0.999812901 0.013474003 -0.013883485 0.061880015 -0.013643149 0.999832988 -0.012161339 -0.397519082 0.013717306 0.012348477 0.999829650 1.510747790
0.999821067 0.010293892 -0.015871938 0.068965733 -0.010500623 0.999860346 -0.012996891 -0.420103818 0.015735935 0.013161229 0.999789536 1.610662699
0.999786377 0.010179413 -0.017988758 0.076169752 -0.010417446 0.999858737 -0.013188479 -0.446270108 0.017851971 0.013373058 0.999751210 1.712775707
0.999815404 0.009497312 -0.016700668 0.083595783 -0.009745635 0.999842227 -0.014851113 -0.473100424 0.016556989 0.015011130 0.999750257 1.816209793
0.999806881 0.008246322 -0.017840251 0.090796702 -0.008503576 0.999860287 -0.014392357 -0.498594314 0.017719077 0.014541281 0.999737263 1.919813395
0.999781489 0.007592302 -0.019477457 0.100871965 -0.007870944 0.999867141 -0.014269314 -0.521209300 0.019366534 0.014419502 0.999708414 2.026908875
0.999805450 0.009934279 -0.017039709 0.106477201 -0.010139267 0.999876797 -0.011986121 -0.546442211 0.016918533 0.012156560 0.999782979 2.137360096
0.999758124 0.012454965 -0.018128496 0.111594960 -0.012670862 0.999849498 -0.011843514 -0.571299136 0.017978258 0.012070351 0.999765515 2.247600079
0.999722123 0.013516955 -0.019311661 0.117530204 -0.013729967 0.999845803 -0.010940505 -0.598030031 0.019160802 0.011202612 0.999753594 2.358170748
0.999733388 0.014289598 -0.018136976 0.124411836 -0.014489447 0.999835193 -0.010935783 -0.625257373 0.017977716 0.011195662 0.999775708 2.472198248
0.999737620 0.014937106 -0.017363666 0.136209369 -0.015164689 0.999799907 -0.013050034 -0.653781354 0.017165260 0.013309925 0.999764085 2.586365223
0.999782562 0.013852892 -0.015585351 0.148882270 -0.014056179 0.999816597 -0.013010547 -0.681217909 0.015402257 0.013226789 0.999793887 2.703198910
0.999771476 0.010515083 -0.018613864 0.164670914 -0.010763072 0.999853849 -0.013273065 -0.711614907 0.018471578 0.013470372 0.999738634 2.819301844
0.999820590 0.008166648 -0.017091496 0.179280326 -0.008413068 0.999860942 -0.014395803 -0.745514333 0.016971558 0.014537011 0.999750257 2.936651945
0.999828577 0.010235178 -0.015427848 0.190999016 -0.010474158 0.999825180 -0.015489896 -0.779382169 0.015266610 0.015648836 0.999760926 3.053507805
0.999835610 0.011680429 -0.013862908 0.201577380 -0.011914584 0.999785662 -0.016930150 -0.814077616 0.013662185 0.017092543 0.999760568 3.170320749
0.999812961 0.015386906 -0.011718453 0.209574640 -0.015605778 0.999701023 -0.018821035 -0.850822210 0.011425353 0.019000391 0.999754190 3.290832758
0.999795258 0.018048789 -0.009148056 0.220759645 -0.018225875 0.999640524 -0.019659009 -0.886236787 0.008789946 0.019821716 0.999764860 3.412901163
0.999792516 0.018932033 -0.007518673 0.234867766 -0.019082861 0.999607265 -0.020522663 -0.918889165 0.007127185 0.020661881 0.999761045 3.537960052
0.999803066 0.018773662 -0.006438482 0.248014867 -0.018893553 0.999639153 -0.019094832 -0.950984538 0.006077679 0.019212713 0.999796927 3.669022322
0.999851406 0.016256846 -0.005739493 0.264944375 -0.016355617 0.999711275 -0.017603753 -0.982585907 0.005451655 0.017695008 0.999828517 3.802171469
0.999869525 0.015194374 -0.005487264 0.284353077 -0.015286732 0.999735117 -0.017201077 -1.015890718 0.005224451 0.017282713 0.999836981 3.937767744
0.999873996 0.015852919 -0.000777772 0.301861286 -0.015863886 0.999728501 -0.017061409 -1.051063538 0.000507088 0.017071595 0.999854147 4.078835011
0.999908149 0.013537896 -0.000608886 0.320059299 -0.013546376 0.999759853 -0.017221129 -1.085336208 0.000375602 0.017227799 0.999851465 4.224910736
0.999941468 0.010722317 -0.001387980 0.340800464 -0.010743316 0.999812186 -0.016128363 -1.117355227 0.001214786 0.016142335 0.999868989 4.377087593
0.999921918 0.012471966 0.000663922 0.361294121 -0.012461146 0.999819160 -0.014364311 -1.151569724 -0.000842954 0.014354917 0.999896646 4.535658360
0.999950290 0.009480422 0.003080657 0.385474175 -0.009437773 0.999863267 -0.013575484 -1.185849190 -0.003208937 0.013545737 0.999903083 4.698766232
0.999966264 0.007425876 0.003506875 0.407823563 -0.007380959 0.999892712 -0.012652169 -1.219834328 -0.003600453 0.012625858 0.999913812 4.863805294
0.999896407 0.011278413 0.008937006 0.428028166 -0.011181802 0.999879301 -0.010787410 -1.252822399 -0.009057593 0.010686359 0.999901891 5.041580200
0.999771833 0.017659718 0.012023333 0.443606794 -0.017597470 0.999831259 -0.005263749 -1.283399582 -0.012114263 0.005050967 0.999913871 5.227965355
0.999643385 0.023940070 0.011829141 0.461661637 -0.023949157 0.999713004 0.000626832 -1.316189528 -0.011810739 -0.000909907 0.999929845 5.412328243
0.999590516 0.024728101 0.014396062 0.482998937 -0.024804736 0.999678969 0.005169214 -1.354235411 -0.014263616 -0.005524188 0.999882996 5.605083466
0.999532700 0.024954252 0.017650221 0.509712517 -0.025150148 0.999623597 0.010965311 -1.391834021 -0.017369945 -0.011404092 0.999784112 5.800755501
0.999682009 0.017715782 0.017944504 0.543506324 -0.017993744 0.999718726 0.015449155 -1.434473157 -0.017665762 -0.015767135 0.999719620 5.994296074
0.999768794 0.011372410 0.018251222 0.578499377 -0.011688757 0.999781609 0.017320873 -1.484169841 -0.018050257 -0.017530201 0.999683380 6.192599773
0.999742687 0.008303868 0.021109061 0.610123217 -0.008635758 0.999839723 0.015680384 -1.538359523 -0.020975471 -0.015858641 0.999654233 6.389858723
0.999739170 0.007264021 0.021652810 0.639483809 -0.007573175 0.999870002 0.014230095 -1.594126463 -0.021546626 -0.014390365 0.999664307 6.591371536
0.999694586 0.005762327 0.024032660 0.670389533 -0.006061627 0.999904752 0.012399664 -1.645686269 -0.023958923 -0.012541554 0.999634266 6.795479774
0.999665618 0.005269069 0.025316928 0.701135576 -0.005509398 0.999940336 0.009432461 -1.697733760 -0.025265716 -0.009568789 0.999634922 7.006742477
0.999547362 0.009124565 0.028669573 0.730036378 -0.009373398 0.999919415 0.008556980 -1.748892903 -0.028589187 -0.008821839 0.999552310 7.220128536
0.999478519 0.009461805 0.030873958 0.761252224 -0.009651523 0.999935508 0.006001727 -1.800748467 -0.030815173 -0.006296579 0.999505281 7.433747292
0.999383450 0.012382461 0.032856219 0.790489554 -0.012570591 0.999905705 0.005525457 -1.853088617 -0.032784704 -0.005935073 0.999444842 7.657133579
0.999207616 0.016916560 0.036027625 0.820849895 -0.016985973 0.999854386 0.001621439 -1.903044105 -0.035994951 -0.002232118 0.999349475 7.881361961
0.999027550 0.018416779 0.040061999 0.853534400 -0.018449560 0.999829710 0.000448633 -1.949724436 -0.040046919 -0.001187323 0.999197066 8.104143143
0.999053597 0.020417765 0.038406596 0.886782527 -0.020471040 0.999789953 0.000994303 -2.002156019 -0.038378228 -0.001779585 0.999261618 8.334797859
0.999109447 0.015362323 0.039297726 0.925266087 -0.015410465 0.999880910 0.000922418 -2.054135561 -0.039278872 -0.001527193 0.999227107 8.566833496
0.999238551 0.009889250 0.037741065 0.965631664 -0.010038575 0.999942422 0.003769125 -2.104984760 -0.037701625 -0.004145121 0.999280453 8.793735504
0.999285936 0.001326396 0.037758116 1.010426402 -0.001559471 0.999979854 0.006144072 -2.159988642 -0.037749212 -0.006198569 0.999268055 9.030451775
0.999132633 -0.005329500 0.041297626 1.053680062 0.005021695 0.999958813 0.007553520 -2.216651917 -0.041336183 -0.007339585 0.999118328 9.266016960
0.999159873 -0.009155295 0.039946042 1.095085979 0.008863911 0.999932826 0.007465514 -2.274102688 -0.040011715 -0.007105164 0.999173939 9.493873596
0.999023020 -0.003971452 0.044012263 1.130218029 0.003706494 0.999974430 0.006100085 -2.336041927 -0.044035364 -0.005930994 0.999012411 9.732574463
0.998865426 -0.001670012 0.047591981 1.165789366 0.001455622 0.999988616 0.004539060 -2.395918369 -0.047599018 -0.004464634 0.998856604 9.971320152
0.998975694 0.001292287 0.045231413 1.199585438 -0.001405050 0.999996006 0.002461323 -2.452445745 -0.045228057 -0.002522354 0.998973489 10.206994057
0.998666465 0.006705729 0.051188197 1.235912800 -0.006718131 0.999977529 0.000070235 -2.512381792 -0.051186569 -0.000414030 0.998688996 10.451147079
0.998581409 0.007909604 0.052654743 1.273105145 -0.007917497 0.999968648 -0.000058687 -2.573318243 -0.052653555 -0.000358290 0.998612821 10.692754745
0.998574495 0.006933147 0.052923352 1.314051867 -0.006882690 0.999975681 -0.001135584 -2.630790234 -0.052929938 0.000769711 0.998597860 10.934230804
0.998485386 0.003993004 0.054872908 1.359348059 -0.003881718 0.999990225 -0.002134509 -2.691030502 -0.054880895 0.001918275 0.998491049 11.183264732
0.998555779 -0.001958240 0.053688746 1.406961918 0.002132221 0.999992609 -0.003183444 -2.750278473 -0.053682119 0.003293322 0.998552561 11.434764862
0.998514533 -0.008020381 0.053891558 1.454497218 0.008150575 0.999964356 -0.002196508 -2.805631161 -0.053872023 0.002632493 0.998544395 11.685551643
0.998559713 -0.011285003 0.052451506 1.502103925 0.011271810 0.999936342 0.000547335 -2.864327192 -0.052454341 0.000044677 0.998623312 11.942337990
0.998439968 -0.017917281 0.052882150 1.552652240 0.017959431 0.999838650 -0.000321941 -2.926997423 -0.052867845 0.001271172 0.998600721 12.196685791
0.998324513 -0.020179994 0.054230046 1.599556684 0.020315433 0.999791741 -0.001947326 -2.991066217 -0.054179456 0.003045772 0.998526573 12.445976257
0.998188794 -0.022225115 0.055902958 1.645590544 0.022529740 0.999734581 -0.004824764 -3.062580585 -0.055780895 0.006075505 0.998424470 12.701830864
0.998072505 -0.020223431 0.058669727 1.687589169 0.020632239 0.999766886 -0.006370536 -3.133942127 -0.058527209 0.007568744 0.998257101 12.955624580
0.998062968 -0.020576701 0.058710322 1.732399702 0.021144308 0.999735355 -0.009063078 -3.202541113 -0.058508303 0.010286912 0.998233914 13.207419395
0.998088419 -0.018201467 0.059061848 1.773873329 0.018976891 0.999740601 -0.012594737 -3.278224468 -0.058817286 0.013691472 0.998174906 13.462560654
0.998121142 -0.010386966 0.060384002 1.812314630 0.011495365 0.999771118 -0.018037494 -3.355370760 -0.060182832 0.018697741 0.998012245 13.716607094
0.998004735 -0.003850340 0.063021749 1.847685575 0.005358133 0.999702990 -0.023773476 -3.432476997 -0.062911510 0.024063721 0.997728884 13.970927238
0.997954488 0.001170900 0.063917562 1.885953903 0.000855629 0.999498010 -0.031668786 -3.512063503 -0.063922562 0.031658698 0.997452497 14.229242325
0.997768402 0.006581311 0.066444717 1.926638365 -0.004166557 0.999328017 -0.036415685 -3.585663795 -0.066639729 0.036057573 0.997125387 14.484704971
0.997809887 0.004583301 0.065988049 1.972122431 -0.002021689 0.999243557 -0.038833898 -3.659614086 -0.066116124 0.038615435 0.997064471 14.749484062
0.998007238 0.000093834 0.063099317 2.021252155 0.002344684 0.999252975 -0.038570568 -3.729344130 -0.063055806 0.038641654 0.997261643 15.015833855
0.998121858 -0.004850304 0.061066959 2.072128773 0.007122502 0.999288321 -0.037045799 -3.797145605 -0.060843807 0.037411176 0.997445941 15.288838387
0.998233736 -0.009909114 0.058577772 2.121269703 0.012057723 0.999263048 -0.036440656 -3.869760990 -0.058173507 0.037082605 0.997617543 15.561140060
0.998172462 -0.012276822 0.059169102 2.168283701 0.014525754 0.999182522 -0.037729587 -3.945241451 -0.058657538 0.038520113 0.997534633 15.833333969
0.998186767 -0.009190526 0.059487160 2.211055517 0.011360278 0.999278605 -0.036239490 -4.022950172 -0.059111189 0.036849566 0.997570992 16.107795715
0.997969210 -0.003810104 0.063583940 2.250658035 0.006045108 0.999369144 -0.034995187 -4.098850250 -0.063410513 0.035308488 0.997362733 16.384035110
0.997799218 0.000765830 0.066303186 2.287897587 0.001492516 0.999420583 -0.034004666 -4.177420139 -0.066290811 0.034028791 0.997219920 16.662611008
0.997830749 0.006591518 0.065500908 2.326103687 -0.004434989 0.999445021 -0.033014700 -4.255148411 -0.065682188 0.032652587 0.997306228 16.938488007
0.997822225 0.011873530 0.064883016 2.365259409 -0.009584310 0.999324381 -0.035480335 -4.339095592 -0.065260462 0.034781203 0.997262001 17.214309692
0.997917473 0.008630956 0.063923344 2.410557032 -0.006100545 0.999194026 -0.039674997 -4.424210072 -0.064214252 0.039202407 0.997165859 17.489332199
0.998063207 0.004835860 0.062019162 2.459586382 -0.001958663 0.998922408 -0.046369202 -4.515333652 -0.062176574 0.046157930 0.996997237 17.763221741
0.998066664 0.000573550 0.062150020 2.510371447 0.002754298 0.998566866 -0.053446501 -4.605407715 -0.062091608 0.053514354 0.996634781 18.033277512
0.998101473 -0.004138017 0.061451506 2.561817646 0.007796034 0.998203397 -0.059407014 -4.701440334 -0.061095279 0.059773307 0.996340573 18.307941437
0.998196959 -0.006047526 0.059718575 2.607217312 0.009972460 0.997793138 -0.065646209 -4.795205593 -0.059189785 0.066123366 0.996054351 18.579446793
0.998167217 -0.003207585 0.060432259 2.651129723 0.007451983 0.997509301 -0.070140168 -4.889489651 -0.060056765 0.070461951 0.995704889 18.856002808
0.998183072 0.000080110 0.060253736 2.690905094 0.004406114 0.997224808 -0.074318975 -4.983645439 -0.060092475 0.074449427 0.995412529 19.132322311
0.998187780 0.002671464 0.060116716 2.731523991 0.001998615 0.996991217 -0.077489577 -5.079950333 -0.060142845 0.077469304 0.995179057 19.410905838
0.998094320 0.007624867 0.061233770 2.771378279 -0.002556580 0.996594012 -0.082424924 -5.171846867 -0.061653696 0.082111299 0.994714320 19.688266754
0.998073280 0.009010815 0.061388060 2.811889887 -0.003827411 0.996455431 -0.084036507 -5.264948368 -0.061927702 0.083639629 0.994569957 19.968126297
0.998260081 0.009006211 0.058272131 2.856986284 -0.003934834 0.996238410 -0.086565316 -5.357567310 -0.058832567 0.086185411 0.994540513 20.248249054
0.998298466 0.007521152 0.057823189 2.901238441 -0.002432038 0.996154308 -0.087582998 -5.451859474 -0.058259543 0.087293357 0.994477570 20.530653000
0.998482764 0.003220267 0.054971308 2.947542429 0.001631561 0.996120155 -0.087988779 -5.544286728 -0.055041373 0.087944970 0.994603455 20.810573578
0.998498380 -0.000015286 0.054780714 2.991746187 0.004789258 0.996195376 -0.087016732 -5.639454365 -0.054570958 0.087148443 0.994699478 21.095397949
0.998606384 -0.003456814 0.052664224 3.037973404 0.008040071 0.996170044 -0.087066509 -5.730385780 -0.052161559 0.087368578 0.994809449 21.377120972
0.998622000 -0.000553180 0.052477624 3.076143026 0.005126237 0.996190906 -0.087048531 -5.823986053 -0.052229576 0.087197587 0.994820893 21.663120270
0.998560369 0.004458157 0.053456627 3.111888885 0.000175428 0.996263742 -0.086363018 -5.916323185 -0.053641923 0.086248055 0.994828522 21.949851990
0.998636305 0.009065418 0.051415857 3.145665169 -0.004697948 0.996417820 -0.084437028 -6.010379791 -0.051997136 0.084080331 0.995101392 22.239580154
0.998605430 0.012505500 0.051290188 3.179755449 -0.008100142 0.996329546 -0.085216142 -6.102337360 -0.052167606 0.084681846 0.995041490 22.527069092
0.998612344 0.014738667 0.050558459 3.216284752 -0.010447893 0.996402025 -0.084105499 -6.197384834 -0.051616158 0.083460554 0.995173454 22.818685532
0.998745441 0.013991706 0.048079483 3.254054308 -0.009918465 0.996421754 -0.083936371 -6.292461872 -0.049081851 0.083354197 0.995310545 23.107969284
0.998807907 0.011251995 0.047499020 3.293020010 -0.007235563 0.996448040 -0.083898365 -6.390523434 -0.048274323 0.083454669 0.995341599 23.398815155
0.999006927 0.007820894 0.043866228 3.337259769 -0.004060324 0.996358216 -0.085170738 -6.484861851 -0.044372585 0.084908023 0.995400190 23.689422607
0.999039888 0.007348818 0.043189593 3.376443386 -0.003629159 0.996324778 -0.085579306 -6.583452702 -0.043659773 0.085340381 0.995394826 23.985088348
0.999048471 0.007766977 0.042914446 3.416079760 -0.004068334 0.996320307 -0.085610665 -6.677108288 -0.043421470 0.085354634 0.995404005 24.276655197
0.999092460 0.006823202 0.042043854 3.453068018 -0.003203426 0.996327102 -0.085568324 -6.772726536 -0.042473279 0.085355997 0.995444834 24.576543808
0.999071836 0.010957217 0.041657604 3.488242388 -0.007447059 0.996479750 -0.083502084 -6.863283634 -0.042425912 0.083114371 0.995636523 24.874853134
0.999061346 0.013653794 0.041109726 3.521320343 -0.010249586 0.996587038 -0.081908412 -6.956399441 -0.042087786 0.081410162 0.995791674 25.178728104
0.999107122 0.014233031 0.039778158 3.557902098 -0.011046676 0.996797144 -0.079205051 -7.045670986 -0.040778082 0.078694925 0.996064305 25.482173920
0.999202013 0.015415135 0.036845502 3.595455885 -0.012556278 0.996982813 -0.076600038 -7.137727261 -0.037915133 0.076076284 0.996380806 25.787761688
0.999208689 0.015191917 0.036758855 3.631467104 -0.012455873 0.997213960 -0.073548913 -7.227509499 -0.037773788 0.073032856 0.996613920 26.097843170
0.999360263 0.010820233 0.034087494 3.671843767 -0.008383223 0.997452438 -0.070841417 -7.319211483 -0.034767177 0.070510335 0.996904910 26.407379150
0.999418199 0.009698331 0.032699224 3.709990025 -0.007483772 0.997712731 -0.067179956 -7.409149170 -0.033275969 0.066896148 0.997204900 26.717466354
0.999452412 0.007978108 0.032114290 3.746968269 -0.005866266 0.997846723 -0.065325290 -7.502535343 -0.032566320 0.065101124 0.997347116 27.031837463
0.999536097 0.007312357 0.029566161 3.784055948 -0.005424907 0.997972071 -0.063421734 -7.594208717 -0.029969966 0.063231915 0.997548759 27.341865540
0.999539971 0.007671660 0.029344877 3.819284201 -0.005820225 0.998017669 -0.062665269 -7.689467430 -0.029767454 0.062465642 0.997603118 27.657697678
0.999563038 0.008615618 0.028274518 3.853860855 -0.006837932 0.998029351 -0.062377483 -7.782137394 -0.028756214 0.062156890 0.997652054 27.976181030
0.999561906 0.010518499 0.027664566 3.887075186 -0.008813486 0.998095989 -0.061047316 -7.877325058 -0.028254017 0.060776744 0.997751415 28.295679092
0.999575257 0.011133402 0.026930343 3.920711517 -0.009511275 0.998175263 -0.059629802 -7.967783451 -0.027545081 0.059348337 0.997857213 28.615865707
0.999600708 0.013013186 0.025080422 3.954733133 -0.011538156 0.998244941 -0.058085099 -8.060266495 -0.025792276 0.057772532 0.997996509 28.944128036
0.999644578 0.012414925 0.023591287 3.987774849 -0.011070856 0.998354018 -0.056273688 -8.150914192 -0.024251089 0.055992503 0.998136640 29.268512726
0.999709904 0.011136732 0.021356435 4.025092602 -0.009960081 0.998467803 -0.054432202 -8.245306969 -0.021929910 0.054203693 0.998289049 29.601411819
0.999754786 0.008305864 0.020524025 4.061170578 -0.007187522 0.998516440 -0.053974912 -8.339207649 -0.020941883 0.053814158 0.998331368 29.927417755
0.999806881 0.006704290 0.018471051 4.096452713 -0.005736318 0.998632252 -0.051968362 -8.435542107 -0.018794199 0.051852364 0.998477936 30.262008667
0.999840200 0.004962028 0.017173378 4.135282993 -0.004073680 0.998670876 -0.051382054 -8.529472351 -0.017405506 0.051303890 0.998531401 30.597997665
0.999895751 0.001934423 0.014303931 4.172840118 -0.001207414 0.998715222 -0.050660890 -8.629181862 -0.014383554 0.050638333 0.998613477 30.936975479
0.999905944 0.001264225 0.013650188 4.208664894 -0.000565942 0.998696625 -0.051038757 -8.727252007 -0.013696921 0.051026244 0.998603404 31.275005341
0.999897897 0.000650384 0.014272536 4.242929935 0.000094928 0.998638928 -0.052157335 -8.827743530 -0.014287032 0.052153364 0.998536944 31.619255066
0.999922574 0.000856784 0.012414683 4.279599667 -0.000189955 0.998561680 -0.053614832 -8.926246643 -0.012442762 0.053608324 0.998484433 31.957172394
0.999922395 0.002210796 0.012260359 4.311959267 -0.001546122 0.998541892 -0.053960141 -9.029111862 -0.012361776 0.053936992 0.998467803 32.306125641
0.999950945 0.001167245 0.009830852 4.348602772 -0.000627923 0.998503447 -0.054685570 -9.125538826 -0.009879970 0.054676704 0.998455226 32.651313782
0.999955773 0.000623808 0.009376959 4.382852077 -0.000126663 0.998598516 -0.052925043 -9.225278854 -0.009396832 0.052921508 0.998554468 33.008850098
0.999966085 -0.001567717 0.008096712 4.420257568 0.001976032 0.998713493 -0.050670598 -9.319211006 -0.008006859 0.050684877 0.998682559 33.367717743
0.999970853 -0.004429070 0.006212285 4.457238197 0.004711779 0.998918414 -0.046257030 -9.417133331 -0.006000691 0.046284951 0.998910248 33.735088348
0.999974132 -0.005919040 0.004080056 4.493613720 0.006085689 0.999093950 -0.042120572 -9.514233589 -0.003827046 0.042144313 0.999104142 34.095054626
0.999979138 -0.005745740 0.002935704 4.528855324 0.005857748 0.999194980 -0.039687622 -9.608421326 -0.002705305 0.039703984 0.999207795 34.459133148
0.999990523 -0.002956582 0.003211689 4.561515808 0.003073391 0.999310732 -0.036995050 -9.708984375 -0.003100097 0.037004564 0.999310255 34.827499390
0.999995470 -0.001510559 0.002610686 4.592567921 0.001602371 0.999367297 -0.035530970 -9.806715012 -0.002555363 0.035534993 0.999365151 35.191520691
0.999994457 0.000330451 0.003336306 4.625644207 -0.000216383 0.999417305 -0.034132279 -9.906306267 -0.003345642 0.034131370 0.999411762 35.560554504
0.999996305 -0.000045904 0.002760392 4.659361839 0.000139464 0.999425113 -0.033903234 -10.002931595 -0.002757248 0.033903491 0.999421299 35.928287506
0.999998629 -0.000218387 0.001671406 4.695024967 0.000271814 0.999486864 -0.032032009 -10.097791672 -0.001663552 0.032032419 0.999485433 36.303184509
0.999999285 -0.001144238 0.000250064 4.731385708 0.001151133 0.999561906 -0.029572789 -10.188271523 -0.000216117 0.029573053 0.999562621 36.676166534
0.999990284 -0.004400183 0.000308422 4.772232056 0.004406503 0.999679565 -0.024927197 -10.272113800 -0.000198639 0.024928313 0.999689221 37.046508789
0.999980330 -0.006252563 0.000503209 4.809448719 0.006260841 0.999807477 -0.018596463 -10.364267349 -0.000386837 0.018599244 0.999826908 37.429733276
0.999981701 -0.005839054 0.001568848 4.845644474 0.005859965 0.999889314 -0.013672743 -10.449029922 -0.001488839 0.013681686 0.999905288 37.809028625
0.999987483 -0.004853524 0.001215649 4.881134033 0.004864468 0.999946177 -0.009167128 -10.541433334 -0.001171091 0.009172927 0.999957263 38.194198608
0.999973953 -0.007148287 0.000997118 4.922105789 0.007155626 0.999945819 -0.007561040 -10.633312225 -0.000943015 0.007567978 0.999970913 38.579685211
0.999963224 -0.008473451 0.001326191 4.963125229 0.008482435 0.999940097 -0.006921190 -10.729509354 -0.001267465 0.006932185 0.999975204 38.968326569
0.999947011 -0.010276186 0.000491113 5.003554821 0.010280098 0.999908686 -0.008768169 -10.826859474 -0.000400965 0.008772754 0.999961436 39.349742889
0.999980807 -0.005826072 0.002084551 5.038324356 0.005848413 0.999923646 -0.010876750 -10.928722382 -0.002021024 0.010888732 0.999938726 39.734169006
0.999990761 -0.003472660 0.002527148 5.077378273 0.003511096 0.999875724 -0.015366926 -11.032791138 -0.002473470 0.015375657 0.999878645 40.114734650
0.999997795 -0.001115765 0.001781989 5.116320610 0.001151924 0.999790907 -0.020421058 -11.143959999 -0.001758832 0.020423064 0.999789834 40.498718262
0.999992311 0.000329915 0.003889777 5.154119015 -0.000229522 0.999667525 -0.025781592 -11.254628181 -0.003896990 0.025780501 0.999660015 40.880664825
0.999994934 0.000261523 0.003153613 5.194269180 -0.000162192 0.999505043 -0.031456683 -11.369150162 -0.003160279 0.031456012 0.999500096 41.268943787
0.999994338 -0.000895404 0.003217268 5.237133980 0.001013302 0.999320924 -0.036832642 -11.481365204 -0.003182103 0.036835697 0.999316216 41.652206421
0.999986887 -0.000748878 0.005054968 5.279129028 0.000952338 0.999184370 -0.040367834 -11.596148491 -0.005020616 0.040372126 0.999172091 42.040664673
0.999980271 0.001305901 0.006148541 5.321301460 -0.001034883 0.999036431 -0.043877050 -11.706404686 -0.006199914 0.043869823 0.999017954 42.421989441
0.999962807 0.003254240 0.007996744 5.360877514 -0.002886872 0.998958826 -0.045529477 -11.821669579 -0.008136580 0.045504697 0.998930991 42.810585022
0.999936342 0.006650272 0.009125620 5.399763107 -0.006227296 0.998939395 -0.045620967 -11.933320999 -0.009419335 0.045561239 0.998917162 43.199348450
0.999939620 0.006239232 0.009042127 5.441097260 -0.005811808 0.998899043 -0.046549331 -12.047876358 -0.009322605 0.046493966 0.998875141 43.588264465
0.999938130 0.005608396 0.009603843 5.485057354 -0.005143366 0.998844683 -0.047779653 -12.162566185 -0.009860714 0.047727302 0.998811722 43.974163055
0.999948621 0.004391951 0.009135175 5.528542519 -0.003926615 0.998724103 -0.050347541 -12.281179428 -0.009344641 0.050309081 0.998690009 44.361080170
0.999945939 0.003880455 0.009648665 5.573103905 -0.003358271 0.998559058 -0.053559151 -12.398540497 -0.009842597 0.053523850 0.998518050 44.740619659
0.999945819 0.002856704 0.010003460 5.616365910 -0.002276375 0.998339951 -0.057551075 -12.521393776 -0.010151260 0.057525188 0.998292446 45.122009277
0.999956071 0.001626312 0.009233432 5.659980774 -0.001056743 0.998115242 -0.061358627 -12.643254280 -0.009315818 0.061346158 0.998073101 45.492984772
0.999953926 0.002089688 0.009370546 5.702388763 -0.001453006 0.997722030 -0.067444101 -12.772798538 -0.009490138 0.067427382 0.997678995 45.868309021
0.999941826 0.001740505 0.010637605 5.746100903 -0.000949893 0.997266531 -0.073880233 -12.900613785 -0.010737116 0.073865823 0.997210383 46.237014771
0.999935508 0.003461512 0.010816683 5.785982609 -0.002584081 0.996783137 -0.080104291 -13.032537460 -0.011059170 0.080071166 0.996727884 46.604228973
0.999923825 0.004556869 0.011465183 5.828897953 -0.003544916 0.996220767 -0.086784668 -13.160234451 -0.011817321 0.086737424 0.996161103 46.963684082
0.999922216 0.005487297 0.011195669 5.870140076 -0.004438632 0.995783091 -0.091631003 -13.292576790 -0.011651265 0.091574185 0.995730102 47.330802917
