1	1.79058396935e-19	-1.61422212619e-18	0	1.79058396935e-19	1	-2.10723577184e-17	0	-1.61422212619e-18	-2.10723577184e-17	1	0
0.999999996564	-7.90549256444e-05	-2.49461680182e-05	-2.64256986784e-06	7.90557930838e-05	0.99999999627	3.47733783238e-05	2.48423748764e-06	2.49434189183e-05	-3.47753503434e-05	0.999999999084	-1.05375333884e-05
0.999999998882	-4.56437707885e-05	-1.23875287434e-05	-5.28475986799e-06	4.56436460097e-05	0.999999998908	-1.00730384453e-05	4.96770620482e-06	1.23879885014e-05	1.00724730221e-05	0.999999999873	-2.10744761037e-05
0.999999998958	3.93343676108e-05	-2.31678327797e-05	-5.3827861353e-06	-3.93325799642e-05	0.99999999625	7.71561177773e-05	1.02587868562e-05	2.31708675799e-05	-7.71552064463e-05	0.999999996755	-4.33735524643e-05
0.99999999861	5.13273744327e-05	1.20535773017e-05	-1.06675500583e-05	-5.13286888086e-05	0.999999992735	0.000109069488212	1.52272371199e-05	-1.20479789636e-05	-0.000109070106755	0.999999993979	-6.44488930925e-05
0.999999999357	1.15782252231e-05	-3.39369165187e-05	-1.08637904993e-05	-1.15799103466e-05	0.9999999987	-4.9654809878e-05	2.58094107785e-05	3.393634156e-05	4.96552028325e-05	0.999999998191	-0.000109046908888
0.999999999856	3.39365731912e-06	1.66374349869e-05	-1.1059622008e-05	-3.39482715399e-06	0.999999997522	7.03138922495e-05	3.63897819681e-05	-1.66371963245e-05	-7.03139487205e-05	0.99999999739	-0.000153644596755
0.999999996304	-8.26589658885e-05	-2.36729031872e-05	-1.38983218039e-05	8.26584542403e-05	0.99999999635	-2.16134044747e-05	4.94552980578e-05	2.36746896424e-05	2.16114476292e-05	0.999999999486	-0.000208779913512
0.999999999242	2.06426962511e-05	-3.3018323225e-05	-1.39960496519e-05	-2.06413987451e-05	0.999999999015	3.92964012278e-05	5.47454712968e-05	3.30191343762e-05	-3.92957196537e-05	0.999999998683	-0.000231078894371
0.999999992936	0.000117253606001	1.94985061489e-05	-1.6736645787e-05	-0.000117254162026	0.999999992719	2.85175849291e-05	6.25207894359e-05	-1.94951622173e-05	-2.85198710086e-05	0.999999999403	-0.00026391550412
0.999999995391	9.57207074123e-05	-7.40566837224e-06	-1.68349414091e-05	-9.57207571048e-05	0.999999995396	-6.70999448743e-06	6.78117438011e-05	7.4050260528e-06	6.7107033327e-06	0.99999999995	-0.000286214938727
0.999999999776	1.91031571674e-05	-9.10205740439e-06	-1.42902058472e-05	-1.91026920101e-05	0.999999998512	5.11019832472e-05	7.06178305502e-05	9.10303360006e-06	-5.11018093619e-05	0.999999998653	-0.0002979757541
0.999999998771	-4.08231049982e-05	-2.81332641484e-05	-1.42902058472e-05	4.08221751099e-05	0.999999998621	-3.30527656388e-05	7.06178305502e-05	2.81346134261e-05	3.30516171372e-05	0.999999999058	-0.0002979757541
0.999999999268	3.82514719381e-05	-7.10165672661e-07	-1.69328571634e-05	-3.82513979339e-05	0.999999993869	0.000103916110294	7.31019293959e-05	7.14140612443e-07	-0.000103916083053	0.9999999946	-0.00030851378266
0.999999998618	5.15163784211e-05	-1.04768876962e-05	-1.69328571634e-05	-5.15166793797e-05	0.99999999826	-2.87277118484e-05	7.31019293959e-05	1.04754077303e-05	2.87282515432e-05	0.999999999532	-0.00030851378266
0.999999995891	9.06478086189e-05	-9.26261230818e-07	-1.69328571634e-05	-9.06477587088e-05	0.999999994447	5.37421907854e-05	7.31019293959e-05	9.31132837527e-07	-5.37421066011e-05	0.999999998555	-0.00030851378266
0.999999998665	5.130079067e-05	-6.10841847918e-06	-1.69328571634e-05	-5.13004186727e-05	0.999999996831	6.08837009169e-05	7.31019293959e-05	6.11154184182e-06	-6.08833874711e-05	0.999999998128	-0.00030851378266
0.999999998144	5.80573978648e-05	-1.84493687861e-05	-1.69328571634e-05	-5.80572573772e-05	0.999999998286	7.61520765725e-06	7.31019293959e-05	1.84498108736e-05	-7.6141365234e-06	0.999999999801	-0.00030851378266
0.999999999567	2.83186391501e-05	-8.06413161016e-06	-1.95748883218e-05	-2.83180921364e-05	0.999999997299	6.78249651327e-05	7.55864194559e-05	8.06605229911e-06	-6.78247367425e-05	0.999999997667	-0.000319050599557
0.999999999955	-8.72708894592e-06	-3.796854184e-06	-1.95748883218e-05	8.72699223706e-06	0.999999999638	-2.54700594963e-05	7.55864194559e-05	3.7970764621e-06	2.54700263601e-05	0.999999999668	-0.000319050599557
0.999999998311	-5.45165137448e-05	-2.01271621527e-05	-1.95748883218e-05	5.45168415781e-05	0.999999998381	1.62879148091e-05	7.55864194559e-05	2.01262741597e-05	-1.62890120509e-05	0.999999999665	-0.000319050599557
0.999999999018	-3.39920312677e-05	-2.84493585862e-05	-1.95748883218e-05	3.39914148705e-05	0.999999999188	-2.16666737746e-05	7.55864194559e-05	2.84500950574e-05	2.16657067194e-05	0.999999999361	-0.000319050599557
0.999999999921	-5.35045707646e-06	-1.13401603472e-05	-1.95748883218e-05	5.35115712894e-06	0.99999999808	6.17330199368e-05	7.55864194559e-05	1.13398300256e-05	-6.17330806149e-05	0.99999999803	-0.000319050599557
0.999999999403	1.54519696021e-05	-3.08946123454e-05	-1.95748883218e-05	-1.54498681859e-05	0.999999997567	6.80179360882e-05	7.55864194559e-05	3.08956632813e-05	-6.80174587299e-05	0.99999999721	-0.000319050599557
0.999999999436	-2.67019682672e-05	-2.03515967223e-05	-1.95748883218e-05	2.67009405231e-05	0.999999998369	-5.04980306631e-05	7.55864194559e-05	2.03529450859e-05	5.04974872278e-05	0.999999998518	-0.000319050599557
0.999999999884	1.18183959872e-05	-9.59879175545e-06	-1.95748883218e-05	-1.18177977257e-05	0.999999997988	6.23244147178e-05	7.55864194559e-05	9.59952831074e-06	-6.2324301274e-05	0.999999998012	-0.000319050599557
0.999999999934	2.16098917094e-06	-1.13151544079e-05	-1.95748883218e-05	-2.16131166133e-06	0.999999999592	-2.85008159742e-05	7.55864194559e-05	1.13150928133e-05	2.85008404278e-05	0.99999999953	-0.000319050599557
0.999999999283	-2.94974680685e-05	-2.37358719773e-05	-1.69328571634e-05	2.94971917424e-05	0.999999999497	-1.16419749224e-05	7.31019293959e-05	2.37362153742e-05	1.16412747725e-05	0.999999999651	-0.00030851378266
0.999999999268	-1.56930499597e-05	-3.48945931783e-05	-1.69328571634e-05	1.56938455733e-05	0.999999999617	2.2800325208e-05	7.31019293959e-05	3.48942353583e-05	-2.28008728216e-05	0.999999999131	-0.00030851378266
0.999999999712	9.18893870291e-06	-2.21636579751e-05	-1.69328571634e-05	-9.18875706298e-06	0.999999999924	8.1954829353e-06	7.31019293959e-05	2.21637332812e-05	-8.19527927646e-06	0.999999999721	-0.00030851378266
0.999999999666	2.19767733681e-05	-1.36118415813e-05	-1.95748883218e-05	-2.19769546719e-05	0.99999999967	-1.33195570254e-05	7.55864194559e-05	1.36115488559e-05	1.33198561678e-05	0.999999999819	-0.000319050599557
0.999999999099	3.55170407426e-05	-2.32709135144e-05	-1.95748883218e-05	-3.55182238332e-05	0.999999998077	-5.08414429104e-05	7.55864194559e-05	2.3269107732e-05	5.0842269406e-05	0.999999998437	-0.000319050599557
0.99999999995	5.11910898188e-06	-8.59708151591e-06	-1.95748883218e-05	-5.11862331126e-06	0.999999998391	5.64915732746e-05	7.55864194559e-05	8.59737068857e-06	-5.64915292666e-05	0.999999998367	-0.000319050599557
0.999999999259	7.30049218392e-06	-3.77987665328e-05	-1.95748883218e-05	-7.30160649574e-06	0.999999999539	-2.94800568394e-05	7.55864194559e-05	3.77985512965e-05	2.94803328093e-05	0.999999998851	-0.000319050599557
0.999999999233	-2.94053157834e-05	-2.58773230654e-05	-1.95748883218e-05	2.94048324339e-05	0.999999999393	-1.86786789198e-05	7.55864194559e-05	2.58778723021e-05	1.86779179871e-05	0.999999999491	-0.000319050599557
0.999999998923	3.50522520611e-05	-3.04188563842e-05	-1.95748883218e-05	-3.50499497978e-05	0.999999996522	7.56826336327e-05	7.55864194559e-05	3.04215091252e-05	-7.56815673718e-05	0.999999996673	-0.000319050599557
0.999999999406	2.84869104624e-05	-1.9423657051e-05	-1.95748883218e-05	-2.84878142904e-05	0.999999998512	-4.65336430884e-05	7.55864194559e-05	1.94223314223e-05	4.65341963983e-05	0.999999998729	-0.000319050599557
0.999999999921	7.7127207883e-06	-9.90271850133e-06	-1.95748883218e-05	-7.71253287505e-06	0.99999999979	1.89758239787e-05	7.55864194559e-05	9.9028648545e-06	-1.89757476022e-05	0.999999999771	-0.000319050599557
0.999999999774	2.10562790049e-05	-3.09859656659e-06	-1.95748883218e-05	-2.10563060426e-05	0.99999999974	-8.72599656563e-06	7.55864194559e-05	3.09841282874e-06	8.72606180869e-06	0.999999999957	-0.000319050599557
0.99999999939	7.25530200282e-06	-3.41534767147e-05	-1.69328571634e-05	-7.25298994991e-06	0.999999997682	6.76956119987e-05	7.31019293959e-05	3.41539677876e-05	-6.76953642426e-05	0.999999997125	-0.00030851378266
0.999999999634	2.59813529918e-05	-7.54304861185e-06	-1.69328571634e-05	-2.59813995844e-05	0.999999999643	-6.17686176954e-06	7.31019293959e-05	7.5428881259e-06	6.17705774623e-06	0.999999999952	-0.00030851378266
0.999999998892	3.48670011689e-05	-3.16216959783e-05	-1.69328571634e-05	-3.48661760205e-05	0.999999999052	2.60945497037e-05	7.31019293959e-05	3.1622605787e-05	-2.60934471472e-05	0.99999999916	-0.00030851378266
0.999999999397	2.06465326144e-05	-2.79384987867e-05	-1.69328571634e-05	-2.06447595276e-05	0.999999997773	6.34627275838e-05	7.31019293959e-05	2.79398090097e-05	-6.34621507619e-05	0.999999997596	-0.00030851378266
0.99999999843	5.45998423813e-05	-1.25648290032e-05	-1.69328571634e-05	-5.46005224268e-05	0.999999997044	-5.41289623972e-05	7.31019293959e-05	1.25618735332e-05	5.41296483585e-05	0.999999998456	-0.00030851378266
0.999999999753	-1.95800740706e-05	-1.05197376837e-05	-1.69328571634e-05	1.9580949151e-05	0.999999996348	8.31909583887e-05	7.31019293959e-05	1.05181087602e-05	-8.31911643546e-05	0.999999996484	-0.00030851378266
0.999999998225	-4.98833688829e-05	-3.25681777997e-05	-1.69328571634e-05	4.98826487986e-05	0.999999998511	-2.21104951437e-05	7.31019293959e-05	3.25692806971e-05	2.21088705175e-05	0.999999999225	-0.00030851378266
0.999999995516	-9.06338868917e-05	-2.74323440746e-05	-1.95748883218e-05	9.06342694182e-05	0.999999995796	1.39434370631e-05	7.55864194559e-05	2.74310802113e-05	-1.3945923311e-05	0.999999999527	-0.000319050599557
0.999999999221	-1.90665091878e-05	-3.45714560302e-05	-1.95748883218e-05	1.90677622348e-05	0.999999999161	3.62451673296e-05	7.55864194559e-05	3.45707649323e-05	-3.62458265016e-05	0.999999998746	-0.000319050599557
0.999999998562	5.3611044356e-05	1.47982806069e-06	-1.95748883218e-05	-5.36110918073e-05	0.999999998048	3.20840049803e-05	7.55864194559e-05	-1.47810800078e-06	-3.20840842693e-05	0.999999999484	-0.000319050599557
0.999999999334	-6.7432083621e-06	-3.58727062195e-05	0.000104120456542	6.74464320414e-06	0.999999999177	3.99981834759e-05	-0.000945677136617	3.58724364738e-05	-3.99984253978e-05	0.999999998557	-0.000343336401063
0.999999999285	-6.22443800591e-06	-3.72925060111e-05	0.000221553529857	6.22323310917e-06	0.999999999459	-3.23093822265e-05	-0.000978103477649	3.72927070986e-05	3.23091501235e-05	0.999999998783	-0.000203646127123
0.999999999994	-3.42260421229e-06	7.99824490647e-07	0.000407488097621	3.42255655218e-06	0.999999998219	5.95806006174e-05	-0.00199549824191	-8.00028410075e-07	-5.95805978796e-05	0.999999998225	-0.000242626660853
0.999999998642	-4.44343541592e-05	-2.72161313345e-05	0.000657718324926	4.44335577425e-05	0.999999998585	-2.92625774713e-05	-0.00204880350583	2.72174315597e-05	2.9261368122e-05	0.999999999201	-1.15181159929e-05
0.999999999091	1.37056527965e-05	-4.03733202537e-05	0.000898553150629	-1.37014214408e-05	0.999999994414	0.000104804151749	-0.00308662108075	4.03747564375e-05	-0.000104803598482	0.999999993693	3.69890859351e-05
0.999999998628	-2.68176730146e-05	-4.49909811447e-05	0.00102919780796	2.68202769038e-05	0.999999997966	5.78761975406e-05	-0.003131469102	4.49894289483e-05	-5.78774041318e-05	0.999999997313	0.000229365730759
0.999999999753	1.68197716121e-05	-1.45479960143e-05	0.00115582958047	-1.68202647226e-05	0.999999999284	-3.38959683608e-05	-0.00417108834741	1.45474258815e-05	3.38962130536e-05	0.99999999932	0.000282514226869
0.999999999613	2.21446035581e-05	-1.68606453251e-05	0.00125907326882	-2.21435804721e-05	0.999999997914	6.06767102985e-05	-0.00520951459492	1.68619889516e-05	-6.067633692e-05	0.999999998017	0.000330024147971
0.999999999546	-6.79367394856e-06	-2.93600576379e-05	0.00140009096515	6.79446163573e-06	0.999999999617	2.68285130295e-05	-0.00525371701491	2.93598753625e-05	-2.68287125031e-05	0.999999999209	0.000519951108216
0.999999998052	-5.47125734997e-05	-3.00456842033e-05	0.00161988525417	5.4713212742e-05	0.999999998277	2.12752679388e-05	-0.00627695178163	3.00445201269e-05	-2.12769117933e-05	0.999999999322	0.000506459859547
0.999999997618	-6.23338113988e-05	-2.9633618402e-05	0.00183977727679	6.23330108779e-05	0.999999997692	-2.70141005146e-05	-0.00730547996133	2.96353022255e-05	2.70122532976e-05	0.999999999196	0.000515266308331
0.999999999272	-2.1831490552e-05	-3.13106272036e-05	0.00200790216107	2.18329804262e-05	0.99999999863	4.75841063162e-05	-0.00834251983969	3.13095883288e-05	-4.75847898859e-05	0.999999998378	0.000558618839595
0.999999999199	2.88237420791e-05	-2.77717152228e-05	0.00208159281263	-2.88207607847e-05	0.999999993823	0.000107344448597	-0.00839620424504	2.77748091199e-05	-0.000107343648109	0.999999993853	0.000786764914067
0.999999999435	2.565221808e-05	-2.17152859728e-05	0.00228680733757	-2.56632129599e-05	0.999999871414	-0.000506471062659	-0.00947331522612	2.17022910744e-05	0.000506471619656	0.999999871508	0.000999937647205
0.999999997689	-6.49516848459e-05	-2.00575251345e-05	0.00235718167745	6.49390737613e-05	0.999999800632	-0.000628107670581	-0.0108395339404	2.00983177872e-05	0.000628106366613	0.999999802539	0.00242802367467
0.999999950332	-0.000140442916762	-0.000282155063107	0.0025359931914	0.000140151552056	0.999999457259	-0.0010323948818	-0.0124532614148	0.000282299902518	0.00103235528605	0.999999427275	0.00490197274276
0.999999940109	-0.000135884222025	-0.000318305628181	0.0029541710509	0.000135509198024	0.999999297078	-0.00117791382484	-0.0140944808972	0.000318465464341	0.00117787062096	0.9999992556	0.00749798337054
0.999999800526	-0.000512645140045	-0.00036897516361	0.00378269148451	0.000512142071809	0.999998941025	-0.0013622258802	-0.0161630706141	0.000369673111351	0.00136203664077	0.999999004098	0.0119056587548
0.999999676103	-0.000659470479938	-0.000461401873628	0.00445229580462	0.000658795713025	0.999998715653	-0.00146105454721	-0.01848254092	0.000462364803371	0.0014607501044	0.999998826213	0.0173665141454
0.999999454954	-0.000815203057835	-0.000652331587922	0.00495936109014	0.000814237370085	0.9999985744	-0.00147926209849	-0.0209975020917	0.000653536556944	0.00147873013947	0.999998693123	0.0236470231878
0.999999288124	-0.000883744965985	-0.000801714337887	0.00535515105436	0.000882584756766	0.99999856454	-0.00144636172034	-0.0232518934626	0.000802991401947	0.00144565310986	0.999998632645	0.028826535035
0.999998925964	-0.00108470841622	-0.000985636501602	0.00603279727097	0.00108331320359	0.999998412134	-0.00141497780848	-0.0250742356412	0.000987169774881	0.00141390853571	0.999998513178	0.0365239527429
0.999998664644	-0.00122746314329	-0.0010789090629	0.00686359721412	0.00122585326406	0.999998136305	-0.00149153308756	-0.0279663330439	0.00108073785403	0.00149020851163	0.999998305641	0.0444021919465
0.999998364539	-0.00134803171091	-0.00120570733013	0.00766993471195	0.00134628060544	0.999998039637	-0.00145198140738	-0.0309394017776	0.00120766228349	0.00145035581233	0.999998219008	0.0526210403736
0.999998015266	-0.00138270257667	-0.00143443255734	0.00812650530835	0.00138076408668	0.999998133454	-0.00135150973149	-0.0324603295801	0.00143629861589	0.00134952643614	0.99999805791	0.0590424850153
0.999997633046	-0.00148028476547	-0.00159457198488	0.00861362378083	0.00147819530458	0.999998048446	-0.00131074098353	-0.0354399976575	0.00159650914289	0.00130838079225	0.999997869647	0.0672808972501
0.999997091486	-0.00158337274173	-0.00181932683795	0.00915671860951	0.00158142191027	0.999998173649	-0.00107322071325	-0.0374269604089	0.00182102282364	0.00107034046845	0.999997769121	0.0756685884891
0.9999958705	-0.00211443063311	-0.00194632122312	0.0101005543511	0.00211063262419	0.999995868687	-0.00195136823157	-0.0405344947969	0.00195043921502	0.00194725220433	0.999996201991	0.0844576715683
0.999996288212	-0.0019728783507	-0.00187917897152	0.0107141086348	0.00196845852741	0.999995299092	-0.00235094982705	-0.0445432038036	0.00188380827569	0.00234724201496	0.99999547085	0.0927046342227
0.999995910839	-0.00193758076428	-0.00210335136056	0.0117935251077	0.0019293625421	0.99999052505	-0.00390222638531	-0.0509449591903	0.00211089231019	0.00389815230115	0.999990174223	0.10671726237
0.999996833943	-0.00174949496126	-0.00180869341601	0.0132501369828	0.00173938002977	0.999982924928	-0.00557892543747	-0.0595784247243	0.00181842283438	0.00557576176906	0.999982801962	0.125813341713
0.999996369397	-0.00196813478143	-0.00184055397511	0.0147053747343	0.00195457972192	0.999971168558	-0.00733768845176	-0.0670664938679	0.00185494246914	0.00733406430205	0.999971384935	0.144413738783
0.999993455574	-0.0029225694561	-0.00213246261943	0.017081585836	0.00290245619184	0.999951842811	-0.00937484965217	-0.0797412349639	0.00215975857528	0.00936859891983	0.999953781331	0.176233331121
0.999991553321	-0.00327276771035	-0.00248641888708	0.0195993720767	0.00324429185897	0.999930078846	-0.0113715429546	-0.0933804030929	0.0025234614524	0.0113633802342	0.999932250571	0.216452369802
0.999992732505	-0.00322193035825	-0.00203816119559	0.0217601360839	0.00319594833234	0.999915192661	-0.0126251099121	-0.107977915346	0.00207866556947	0.0126185043013	0.999918222906	0.265032319933
0.99999549428	-0.00187088226281	-0.00234759851461	0.0219930012568	0.00184097577815	0.999917944782	-0.0126773226919	-0.118952983274	0.00237112366006	0.0126729436994	0.999916883681	0.306959157535
0.999991052406	0.00031341469822	-0.00421863473147	0.02059147956	-0.000369274693654	0.999912186587	-0.0132469902909	-0.134759661228	0.00421411247729	0.0132484295972	0.999903355515	0.369205608196
0.999987638543	0.00213959066662	-0.00448830846697	0.0197210089629	-0.00220535069833	0.999889546717	-0.0146979860366	-0.154325932176	0.00445636504483	0.0147077026423	0.999881905174	0.438647035591
0.999981822695	0.00306722117292	-0.00519099551641	0.0211237009422	-0.0031503606413	0.999865674128	-0.0160844312429	-0.17485919873	0.00514096372334	0.0161004923792	0.999857162117	0.516553845724
0.999980368728	0.00349078389813	-0.00520351676054	0.0229669356904	-0.00358017696617	0.999844449152	-0.0172702007416	-0.190914411274	0.00514242081042	0.0172884912164	0.999837318557	0.579931580649
0.999970134113	0.00332753921625	-0.00697555482025	0.0256860563815	-0.00344567717215	0.999849672143	-0.0169929521874	-0.211602719085	0.00691796148524	0.0170164801879	0.999831276372	0.671519998177
0.999956351136	0.00377373999941	-0.00854720474903	0.0274293628886	-0.00391344081094	0.999858060562	-0.0163873033271	-0.235574874075	0.00848415014154	0.0164200370198	0.999829186202	0.768259534572
0.999947933961	0.00401689164849	-0.00938050900838	0.0289452809686	-0.00416188587906	0.999871377351	-0.015488946364	-0.260586089693	0.00931708504318	0.0155271805239	0.999836035854	0.86937210522
0.999926630249	0.00656936718501	-0.0101773048373	0.0295529618863	-0.00671382959447	0.999876264574	-0.0142260336325	-0.281089318712	0.0100825895056	0.0142933185623	0.999847009514	0.947131791409
0.999923344161	0.008088775861	-0.00937430038748	0.0304602326671	-0.00821875234976	0.999869464842	-0.0139106213419	-0.308231967676	0.00926055681358	0.0139866000649	0.999859298655	1.05287975046
0.999877000536	0.0108512521238	-0.0113240507845	0.0291308365462	-0.0109992964567	0.999853769369	-0.013094096238	-0.336937207036	0.0111803075218	0.0132170422629	0.99985014403	1.16082372326
0.999849651445	0.0103438741309	-0.0139168521533	0.028891416355	-0.0105262925591	0.999858797133	-0.0130989679225	-0.363895506673	0.0137793929784	0.0132434913689	0.999817352453	1.27009654467
0.999790921094	0.0135489052705	-0.0153147400786	0.0299024216649	-0.0137414085415	0.999827005618	-0.0125352513882	-0.384496755352	0.015142251781	0.0127430766317	0.999804143925	1.35261116427
0.999830734227	0.0118347198961	-0.0140869549817	0.0350790748435	-0.0120150288183	0.999846084102	-0.0127846465648	-0.410677382713	0.0139334840643	0.0129517377318	0.999819038882	1.46307806867
0.99979968844	0.0130658169315	-0.0151613793475	0.0386236244454	-0.0132514339399	0.999837674263	-0.0122075641704	-0.435978176366	0.0149994164668	0.012406028871	0.999810536028	1.57412630145
0.999813108639	0.0101160880294	-0.0164746033807	0.0424678883018	-0.0103278956248	0.999864447464	-0.0128226857674	-0.454896268177	0.0163426547884	0.0129904373024	0.999782059338	1.65828364469
0.999769409281	0.0100887586096	-0.018956403028	0.0478558491828	-0.0103309694911	0.999865688225	-0.0127230727585	-0.482762749722	0.0188254969501	0.0129159769574	0.999739355134	1.77152933762
0.999796266288	0.00916845085532	-0.0179823642997	0.054564923245	-0.00943254846325	0.999848087197	-0.0146570651382	-0.511679350346	0.0178452499669	0.0148236985226	0.999730866291	1.88490331331
0.999785072758	0.00747260305139	-0.0193382650105	0.0611287019803	-0.00774813876348	0.999868973746	-0.0142127296854	-0.539299216447	0.0192295251028	0.0143595105434	0.999711973431	2.00147150654
0.999768638611	0.00703953086048	-0.0203252122834	0.0656183022455	-0.0073149587467	0.999881996918	-0.0135086497356	-0.559416633215	0.020227719289	0.013654202445	0.999702156709	2.09069988044
0.999784875815	0.00967359668409	-0.0183473055098	0.0703808142431	-0.00988386453018	0.999886115939	-0.0114045768812	-0.587115301406	0.018234892767	0.011583465763	0.999766628772	2.21188501862
0.999735351057	0.0121317754863	-0.0195460449009	0.0737784841615	-0.0123538752367	0.999860033627	-0.0112825050877	-0.614065829747	0.0194064322933	0.0115209885847	0.999745296167	2.33421340475
0.999698895432	0.0134366139149	-0.0205323130297	0.076686380476	-0.0136542068664	0.999851704159	-0.0104943949148	-0.644419684474	0.0203882590403	0.0107715874541	0.99973411055	2.45787758851
0.999711026201	0.0137680541308	-0.0197054504784	0.0807771525875	-0.0139780268363	0.999846562171	-0.0105577876823	-0.666782611633	0.0195570667245	0.0108301800739	0.999750082941	2.55222754627
0.999712689187	0.014676045143	-0.0189513265522	0.0899860839557	-0.0149056052252	0.999816543393	-0.0120292348637	-0.696759307444	0.0187713082122	0.0123082597265	0.999748040623	2.67879657802
0.999759327966	0.0137092397753	-0.0171272557285	0.101826589873	-0.0139114682417	0.99983425408	-0.0117445911221	-0.728311144148	0.0169634075399	0.0119800298016	0.99978433759	2.80774037743
0.999753079593	0.0103450040052	-0.0196662334175	0.115238048918	-0.0105886765032	0.999867954857	-0.0123269128399	-0.760014280168	0.0195361146242	0.0125321084573	0.999730606955	2.93736241013
0.999791755818	0.00848784673026	-0.0185580563551	0.126163880989	-0.00873701370619	0.999872221561	-0.0133867525083	-0.786101198853	0.0184420603322	0.0135461067878	0.999738162421	3.03458893746
0.999813623845	0.00988354395251	-0.0165841229451	0.137307442525	-0.0101244763182	0.99984350323	-0.0145073784249	-0.822947050503	0.0164381432711	0.0146725801555	0.999757221948	3.16416833676
0.999820897788	0.0117375796607	-0.0148459277305	0.146088284458	-0.0119730984606	0.999802277915	-0.0158760822813	-0.862069175894	0.0146566455822	0.0160509905943	0.999763746313	3.29461677877
0.999791586254	0.0158125441688	-0.012913074873	0.153970984677	-0.0160449312059	0.999707514534	-0.0180954570907	-0.901620546814	0.0126231627718	0.0182988751467	0.999752872929	3.42685099243
0.999784193267	0.0177117762399	-0.0108563288708	0.160940088108	-0.0179150205391	0.999660503559	-0.0189190291309	-0.929758333144	0.0105175535752	0.0191094376317	0.999762076926	3.52828685104
0.999779605598	0.0191007098971	-0.00871223915588	0.172218484387	-0.0192708269224	0.999616653554	-0.0198791641382	-0.96562234403	0.00832919320277	0.0200426749346	0.999764430114	3.66672621802
0.999785653991	0.0191461426964	-0.00787853375136	0.184545104939	-0.0192865009681	0.999649376333	-0.0181426370072	-1.00070866693	0.00752840983394	0.0182906975541	0.999804367578	3.81057809376
0.999836994131	0.0165916542602	-0.00712054609289	0.200465675382	-0.0167081004179	0.999722300056	-0.0166181271964	-1.03388042941	0.00684284649675	0.0167343891433	0.999836554479	3.95944856063
0.999860615704	0.0152490211864	-0.0067982730513	0.213302568166	-0.0153582432278	0.999748951216	-0.016314377315	-1.05975562359	0.0065477880678	0.016416512878	0.999843800089	4.07315791438
0.999861777319	0.0164652484888	-0.00230691312004	0.229754384875	-0.0165006968553	0.999731027463	-0.0162972308025	-1.09655718431	0.00203795466892	0.0163330438296	0.999864530034	4.22867642092
0.999902516668	0.0137947200013	-0.00215936598111	0.246659743317	-0.0138279629078	0.999772791632	-0.0162219775043	-1.13285372766	0.00193509771755	0.0162502557645	0.999866083325	4.39074118274
0.99993648196	0.0109989085957	-0.00246090533229	0.265139048551	-0.0110340813707	0.999830073574	-0.0147672958083	-1.16685934372	0.00229806302264	0.0147935116483	0.99988792918	4.56051760658
0.999913690933	0.0131031835655	-0.000957740072769	0.279182713253	-0.0131149070765	0.999823149207	-0.0134784837075	-1.19383654954	0.000780959649473	0.0134898810642	0.999908702438	4.69189665295
0.999945347013	0.0102967197689	0.00181122860695	0.300573846677	-0.0102734023747	0.999869798445	-0.0124436072566	-1.22950835223	-0.001939121119	0.012424319696	0.999920934919	4.87310161738
0.999965476872	0.00796129163735	0.0023796849393	0.321598461698	-0.0079335101206	0.999902808852	-0.0114643912807	-1.26483469002	-0.00247072501742	0.0114451162395	0.999931450067	5.06150406336
0.999915745304	0.0112817355837	0.0064206491705	0.334776886379	-0.0112165972224	0.999886160258	-0.0100922976388	-1.29127220212	-0.00653377687885	0.0100194294797	0.999928457837	5.20791198426
0.99979129189	0.0178177514307	0.00999501849267	0.347103557735	-0.0177724527985	0.999831462937	-0.00460278645102	-1.32514069549	-0.0100753452665	0.00442418981778	0.999939455148	5.41160285097
0.999632132419	0.0250363145381	0.010429898853	0.358342669725	-0.025051817725	0.999685231034	0.00135841108217	-1.36135576989	-0.0103926062374	-0.00161919929172	0.999944684435	5.62082346022
0.999579443682	0.0258819033979	0.0130790995646	0.376580363782	-0.0259596682331	0.999646099416	0.00581132922096	-1.40036165546	-0.0129240626021	-0.00614841431522	0.999897577558	5.83332355346
0.999516769846	0.026915124632	0.0155500116796	0.394160977198	-0.0270911411751	0.999569977989	0.0112218168336	-1.43066228036	-0.0152412882336	-0.011637661675	0.999816117075	5.99612574104
0.999664291644	0.0197937740482	0.0167185681648	0.424695907453	-0.0200652162109	0.999666974778	0.0162273422708	-1.47421262107	-0.0163918001136	-0.0165573563014	0.999728544577	6.21510132073
0.999767183897	0.0129517944782	0.0172577235445	0.457955171423	-0.0132755404953	0.999735521866	0.018778880259	-1.52502668871	-0.0170099390563	-0.0190036138411	0.99967470941	6.43443913261
0.999748056225	0.0100134615423	0.0200886699748	0.488276798582	-0.0103599645966	0.999798061147	0.0172194094034	-1.58126875196	-0.019912187398	-0.0174231889901	0.999649907357	6.65491926555
0.999748975478	0.00941943501479	0.0203288040552	0.509345690024	-0.00974221187372	0.999827114657	0.0158376167249	-1.6239925513	-0.0201761081014	-0.016031688611	0.999667899666	6.82252137503
0.99971617879	0.00752018772097	0.0226055002727	0.538603755719	-0.00783825185642	0.999871066826	0.0140146898393	-1.67809967463	-0.0224971925753	-0.0141878997776	0.999646227336	7.05130241915
0.999693795923	0.00685614299691	0.0237762002014	0.567643049306	-0.00711940306428	0.9999140928	0.0110055041158	-1.73221900413	-0.0236987023447	-0.0111714065381	0.999656726673	7.28446070732
0.999564420835	0.0111607196017	0.0273204491032	0.593468968084	-0.0114276835773	0.999888280941	0.0096350238889	-1.78549978544	-0.0272098630884	-0.00994303652078	0.99958029161	7.52266487585
0.999503703135	0.0113685589911	0.0293786195401	0.614550417226	-0.0115892246676	0.999905816274	0.00735176523716	-1.82527478466	-0.0292922735754	-0.00768859200139	0.999541318937	7.70382872797
0.999421389165	0.0136671298665	0.031146371229	0.641653786441	-0.0138618550241	0.99988564935	0.00604460089131	-1.87758743526	-0.0310601972758	-0.00647284990224	0.999496556452	7.95098024101
0.999235336464	0.0187582966486	0.0343055195051	0.668711381552	-0.0188418213628	0.999820244256	0.00211304108071	-1.93037168596	-0.0342597158395	-0.00275780378552	0.999409158648	8.20011807994
0.999047427694	0.0201303721905	0.0387169902416	0.689724123349	-0.0201936070106	0.999795315835	0.00124284758256	-1.97017994883	-0.0386840465024	-0.00202349936595	0.999249443331	8.39008326689
0.999054351376	0.0222914417507	0.0373295408772	0.718852206249	-0.0223960088733	0.999746332338	0.00238532227901	-2.02350148851	-0.0372668993073	-0.003219099331	0.999300162922	8.64587044073
0.999119379099	0.0172359436307	0.0382542619381	0.755100983252	-0.0173339362665	0.999847266092	0.00223139901077	-2.07626513933	-0.0382099589476	-0.00289253093252	0.99926554644	8.90382204272
0.999267119472	0.0115694449263	0.0364879690537	0.795444049928	-0.0117816804038	0.999914873503	0.00560693798628	-2.12972769743	-0.0364199938005	-0.00603271836059	0.999318362866	9.16482495873
0.999345675554	0.00390340939054	0.0359580887516	0.828741886453	-0.00418120717927	0.999961968905	0.00765364298126	-2.16998122548	-0.0359268459242	-0.0077989832344	0.999323990307	9.36131578359
0.999221609794	-0.00289182742742	0.0393422400957	0.872545006068	0.00253318703329	0.999954812835	0.00916270979351	-2.22689554461	-0.0393669593069	-0.00905591637747	0.999183783342	9.62396081331
0.999212940583	-0.00741208905096	0.0389687093403	0.911706844629	0.00704387043701	0.999929321294	0.00957790719697	-2.28706867867	-0.0390369473834	-0.00929587827522	0.9991945273	9.88722535068
0.999068783866	-0.00203945941299	0.0430976299832	0.945010219907	0.0017137221283	0.999969698828	0.0075937199448	-2.35038560289	-0.0431118111582	-0.00751279118809	0.999042005977	10.1505931853
0.998913425241	6.12169474904e-05	0.0466043466495	0.96871637809	-0.000348753635684	0.99998095614	0.00616163357599	-2.39756792504	-0.0466030819264	-0.0061711919358	0.998894423423	10.3500478622
0.999030106965	0.00255727934881	0.0439579992727	1.00070760291	-0.00277782111176	0.999983857035	0.00495675097301	-2.45994664781	-0.0439446138633	-0.00507405091317	0.999021083321	10.6180908192
0.998708471405	0.00840689345237	0.0501070183327	1.03305026338	-0.00851116413112	0.999962034702	0.00186795064318	-2.52172478275	-0.0500894123428	-0.00229200718866	0.99874210759	10.88794327
0.998642279356	0.00988673336229	0.0511453848062	1.06798985982	-0.0099629989421	0.999949603696	0.00123641391146	-2.58316795671	-0.0511305831732	-0.00174429662148	0.99869045299	11.1607826868
0.99863732785	0.00944380372147	0.0513254517265	1.09777435423	-0.00948972168624	0.999954759655	0.000651018649309	-2.62977367306	-0.051316981653	-0.00113719577663	0.998681768222	11.3666274959
0.998546503408	0.00592812843919	0.0535699339697	1.14114823328	-0.00592150135185	0.999982427873	-0.000282430804513	-2.69014157476	-0.0535706669181	-3.51941441185e-05	0.998564060242	11.6438163628
0.998611932387	-0.000245056037384	0.0526701855104	1.18689406659	0.00030820444267	0.999999243477	-0.00119082136247	-2.74915159842	-0.0526698538462	0.00120540160707	0.998611252441	11.9240069113
0.998571738523	-0.0063020568919	0.053054378723	1.23239412339	0.00627031782833	0.999980049	0.000764667980295	-2.80625531013	-0.0530581392161	-0.000430908017699	0.998591331918	12.2091516119
0.998627182028	-0.00847930362748	0.051689967345	1.26738288825	0.00833970269961	0.9999609729	0.00291582499894	-2.84981863915	-0.0517126742009	-0.00248074314177	0.998658923377	12.4239666362
0.998495588235	-0.0162354130111	0.0523733867438	1.31599392017	0.016150114557	0.999867473821	0.00205148580076	-2.91110165711	-0.0523997526183	-0.00120256332574	0.998625465211	12.7094791376
0.99838434447	-0.0183144492387	0.0537892337412	1.36188397065	0.0182959947082	0.999832265165	0.000835531225089	-2.97945719659	-0.0537955137071	0.000149946241443	0.998551961703	12.9944073296
0.998256220974	-0.020315985972	0.0554236231275	1.40686245944	0.0204734645435	0.99978780832	-0.00227499123218	-3.05273342297	-0.0553656440058	0.00340573773315	0.998460337928	13.2783922826
0.99818175465	-0.0182915255442	0.0574334813211	1.43832340594	0.0185350006985	0.999821331196	-0.00370937118129	-3.10754581043	-0.057355369692	0.0047671562508	0.998342444149	13.4928778341
0.998133618312	-0.0186215909913	0.0581594046123	1.47999974394	0.0189960342809	0.999802198188	-0.0058919589318	-3.18125767879	-0.0580381829273	0.00698576033131	0.998289922054	13.778613468
0.998152058267	-0.0166938835091	0.0584275862181	1.52053513607	0.0173211479994	0.999797480288	-0.0102457913681	-3.25783863913	-0.0582447114326	0.0112388906108	0.998239070027	14.0634166954
0.998177589109	-0.0110156840146	0.0593308967225	1.54735401493	0.0119158845105	0.99981887425	-0.01484016138	-3.31945099371	-0.0591566758408	0.0155200966215	0.998128055063	14.2761196806
0.998060720775	-0.00295944347367	0.0621774825873	1.58014696286	0.00425254174684	0.999777208208	-0.0206748599899	-3.40215723522	-0.0621024438751	0.0208991780039	0.997850946196	14.5605482645
0.997984831378	0.00253984851969	0.0634020938922	1.61497913024	-0.000689295389907	0.999573573485	-0.029192397346	-3.48320318146	-0.0634492018254	0.0290898669718	0.997561014889	14.8466954355
0.997803225978	0.00842046843165	0.0657101053022	1.65359165288	-0.00616287184933	0.999386237749	-0.0344842980088	-3.56002405242	-0.0659601488628	0.0340035808406	0.997242706292	15.1367916797
0.997832758475	0.00750540974164	0.0653716677083	1.68669291349	-0.00509958433122	0.999306258465	-0.0368916797049	-3.61434497906	-0.0656032038395	0.0364783581923	0.997178794916	15.3579116182
0.998051223876	0.0029658502395	0.0623294332726	1.7327935499	-0.000689296137049	0.999332890982	-0.0365143515891	-3.68314130432	-0.062396148844	0.036400229855	0.997387459253	15.6576977621
0.998151460621	-0.00267542394483	0.0607165855954	1.78028392654	0.00477532155156	0.999394443766	-0.034466535559	-3.75267752343	-0.060587605694	0.0346927640305	0.997559799792	15.9606380481
0.998279407695	-0.00777266248228	0.0581189288446	1.82686315008	0.0097326272295	0.999390768092	-0.0335166916599	-3.82450305814	-0.0578230070068	0.0340246729676	0.997746872453	16.2645399455
0.998224031711	-0.0102535904367	0.0586825902487	1.86072779815	0.0123050174459	0.999321875822	-0.0347041070855	-3.881439483	-0.0582869544649	0.0353645639886	0.997673282469	16.4923709825
0.998212960794	-0.00765878134079	0.0592640529443	1.90107927393	0.00964960155352	0.999396166937	-0.0333794353163	-3.95986819124	-0.0589726215533	0.033891659454	0.997684110992	16.7979514091
0.99800336998	-0.00151319312347	0.0631425669046	1.93732938281	0.00354939403404	0.999476817843	-0.03214797654	-4.04075803477	-0.0630608857433	0.0323079067752	0.997486603343	17.1051350637
0.997859069889	0.00307937636223	0.0653283558776	1.97257880537	-0.0010551042121	0.999518889092	-0.0309980177174	-4.12307800597	-0.0653923802561	0.0308627249045	0.997382238069	17.4139885373
0.997860475948	0.00823805023158	0.0648583461768	1.99844438701	-0.00627870770204	0.999519440774	-0.0303556476644	-4.18527890733	-0.0650772492504	0.0298834744284	0.997432669199	17.6464735374
0.997847913224	0.0135399222061	0.0641577164524	2.03486861956	-0.0114493257737	0.999394986833	-0.0328416387046	-4.27139269302	-0.0645635734223	0.0320363980517	0.997399225078	17.9540201868
0.997931047885	0.0110875136931	0.0633300142662	2.0780624845	-0.00874662962302	0.999272475511	-0.0371216399906	-4.36036321323	-0.0636955268217	0.0364909129162	0.997302006986	18.260786859
0.998084986866	0.00656895098562	0.0615077871086	2.12720130917	-0.00383971283867	0.999007088255	-0.0443857434517	-4.45196100079	-0.0617382830775	0.0440645719302	0.997119199446	18.5657851893
0.998089612893	0.00249552380594	0.0617324630695	2.16515497746	0.000566760846174	0.998772050824	-0.0495385635214	-4.52332658751	-0.0617802834069	0.0494789132314	0.996862595209	18.7938916475
0.998096624397	-0.00230949380089	0.0616262493193	2.21588883088	0.00579075461115	0.998393082397	-0.0563712709086	-4.62004941964	-0.0613970319137	0.0566208376942	0.996506139073	19.0988728407
0.998212829807	-0.00454098416676	0.0595862892882	2.26207604864	0.00827810162447	0.99800300738	-0.0626216439667	-4.71902271135	-0.0591829320145	0.0630029897893	0.996256996882	19.4045578946
0.998145240294	-0.00185708269127	0.0608492442164	2.30402431563	0.00596933555434	0.997703504382	-0.0674691364724	-4.81752448849	-0.0605842084282	0.0677072269936	0.995864089674	19.7124777592
0.99818941031	0.000755398071776	0.0601442475907	2.3337576471	0.00352975705611	0.997462246408	-0.0711098291743	-4.89184026695	-0.0600453325382	0.071193373033	0.995653585177	19.9441421534
0.998206740763	0.00360889155448	0.0597518083202	2.37226148717	0.000890561283988	0.997175230787	-0.0751050331634	-4.99080506371	-0.0598540691715	0.0750235630161	0.995383823154	20.2539244241
0.998091742199	0.00913921842268	0.061068394786	2.40983391255	-0.00423082127176	0.996783774749	-0.0800262866036	-5.08887294211	-0.0616033627855	0.0796152063542	0.994920320735	20.5642342017
0.998070573053	0.0104929816792	0.0611966383087	2.43950397235	-0.00550034129868	0.99668359995	-0.0811883479156	-5.16183388163	-0.0618455936216	0.0806950985323	0.994818286735	20.7988502372
0.998252706745	0.0100662329585	0.0582254620399	2.48153598442	-0.00516224244166	0.996471819918	-0.0837691074447	-5.25934770727	-0.0588632714747	0.083322164297	0.994782655764	21.1112719238
0.998288749698	0.00826787790501	0.0578896745588	2.52523759091	-0.00333233760952	0.996388975265	-0.084840470862	-5.35701198186	-0.0583820841665	0.0845023796409	0.994711455691	21.4243708823
0.998493112771	0.0041323436993	0.0547213622339	2.57050330379	0.000536563889597	0.996377975431	-0.0850331827875	-5.4539473151	-0.0548745464526	0.0849344088772	0.994874328918	21.7387697968
0.998539672491	0.0013045488681	0.0540075977387	2.60433233363	0.00327746952496	0.996404101669	-0.0846647764481	-5.52638346692	-0.0539238412464	0.0847181464018	0.99494474973	21.9756133696
0.998604062068	-0.00233689097761	0.0527680411037	2.64813283378	0.00674964726698	0.996476278513	-0.0836030419436	-5.62289732539	-0.052386730029	0.0838425029505	0.995101032667	22.292529734
0.998626062106	0.000133077912848	0.0524020073329	2.68546454867	0.004266125222	0.996470919514	-0.0838302256853	-5.72161162463	-0.0522282323829	0.0839386016868	0.995101262631	22.6098894834
0.998566616026	0.00592701319457	0.0531938330285	2.71795988538	-0.00147778408578	0.996523894134	-0.083294324985	-5.81983857684	-0.0535026121967	0.0830963232345	0.9951042516	22.9294018772
0.998629004576	0.00933702489767	0.0515066130359	2.74127046534	-0.00506914381606	0.996588321991	-0.0823773042329	-5.89333898764	-0.0521000479975	0.0820032708968	0.995269334683	23.1704589126
0.998620314236	0.0137156864426	0.050688735839	2.77310636261	-0.00950655181115	0.996556811548	-0.0823659324571	-5.99198561648	-0.0516439102723	0.0817704182591	0.995312265186	23.4917230545
0.998625157464	0.0159680960893	0.0499280961657	2.80714608132	-0.0118542330288	0.996592020936	-0.0816322299482	-6.09103020614	-0.051061453551	0.0809281391995	0.995411153367	23.8147214137
0.998775757298	0.0147890076571	0.0472045748379	2.8444125327	-0.010901576113	0.996607762383	-0.0815728116245	-6.1901920123	-0.0482508266391	0.0809583424398	0.995548896096	24.1382972622
0.998852394398	0.0123449012834	0.0462763181126	2.87399614656	-0.00853270913468	0.996621326833	-0.0816891900868	-6.26520800941	-0.0471284105459	0.0812005807523	0.995582934067	24.3815724686
0.999020433935	0.00893058058263	0.0433407119336	2.91402931151	-0.00533417125267	0.99658532039	-0.0823968798009	-6.36674301154	-0.0439285692631	0.0820849798339	0.995656736475	24.7065585838
0.999071465498	0.00834081010603	0.0422686374886	2.95181193155	-0.00480167626737	0.996525523486	-0.0831494133889	-6.46764847321	-0.0428153095678	0.0828692459762	0.995640265024	25.0331649388
0.999073175401	0.00876396845046	0.042142413922	2.98812698998	-0.00524734331127	0.996548721764	-0.0828438925909	-6.56814585454	-0.0427230099869	0.0825459751196	0.995671083445	25.3623451014
