1.000000000 0.000000000 0.000000000 0.000000000 0.000000000 1.000000000 0.000000000 0.000000000 0.000000000 0.000000000 1.000000000 0.000000000
0.999999821 -0.000469080 0.000279288 0.000217099 0.000468918 0.999999702 0.000577272 -0.000126058 -0.000279559 -0.000577141 0.999999821 0.000647248
0.999999762 -0.000706660 -0.000006206 0.000188705 0.000706663 0.999999642 0.000473808 -0.000167100 0.000005871 -0.000473812 0.999999881 0.000546281
0.999999821 -0.000602450 0.000151141 0.000308938 0.000602359 0.999999642 0.000603159 -0.000137652 -0.000151504 -0.000603068 0.999999821 0.000372022
0.999999881 -0.000483926 0.000175689 -0.000079013 0.000483879 0.999999821 0.000267892 -0.000056246 -0.000175819 -0.000267807 0.999999940 0.000039952
0.999999940 -0.000258622 0.000284217 -0.000189335 0.000258559 0.999999940 0.000222655 -0.000127705 -0.000284274 -0.000222582 0.999999940 -0.000123102
0.999999881 -0.000430260 0.000086340 0.000017039 0.000430222 0.999999821 0.000440034 -0.000169596 -0.000086529 -0.000439997 0.999999881 0.000420088
0.999999940 -0.000337634 0.000147310 0.000021457 0.000337550 0.999999762 0.000569712 -0.000183788 -0.000147502 -0.000569663 0.999999821 0.000433070
0.999999881 -0.000454249 0.000114519 0.000144710 0.000454213 0.999999821 0.000317811 -0.000137328 -0.000114664 -0.000317759 0.999999940 0.000499243
0.999999881 -0.000450386 0.000258527 0.000005571 0.000450303 0.999999821 0.000322741 -0.000245367 -0.000258672 -0.000322624 0.999999940 0.000353864
0.999999881 -0.000527833 0.000052612 0.000206367 0.000527819 0.999999821 0.000261103 -0.000128976 -0.000052750 -0.000261075 0.999999940 0.000554953
0.999999702 -0.000737748 0.000025030 0.000637184 0.000737739 0.999999642 0.000340782 -0.000238005 -0.000025282 -0.000340763 0.999999940 0.000246039
0.999999702 -0.000804431 -0.000002173 0.000740595 0.000804432 0.999999583 0.000382785 -0.000324064 0.000001865 -0.000382786 0.999999940 0.000544194
0.999999762 -0.000710819 0.000068176 0.000589816 0.000710802 0.999999702 0.000253481 -0.000210265 -0.000068357 -0.000253432 0.999999940 0.000507430
0.999999881 -0.000430502 0.000054471 0.000079064 0.000430489 0.999999881 0.000236087 -0.000218068 -0.000054572 -0.000236063 1.000000000 0.000423399
0.999999940 -0.000313744 0.000150058 -0.000029338 0.000313720 0.999999940 0.000160641 -0.000265997 -0.000150108 -0.000160594 1.000000000 0.000121362
0.999999881 -0.000441507 0.000097564 0.000071760 0.000441489 0.999999881 0.000186968 -0.000215227 -0.000097647 -0.000186924 1.000000000 0.000447105
0.999999762 -0.000665643 0.000112139 0.000315536 0.000665623 0.999999762 0.000176463 -0.000128107 -0.000112257 -0.000176388 1.000000000 0.000666516
0.999999762 -0.000724602 0.000025773 0.000383077 0.000724598 0.999999702 0.000157022 -0.000119944 -0.000025887 -0.000157004 1.000000000 0.000825603
0.999999821 -0.000576512 0.000090663 0.000282528 0.000576502 0.999999821 0.000109947 -0.000149334 -0.000090727 -0.000109895 1.000000000 0.000588699
0.999999762 -0.000659355 0.000079036 0.000355834 0.000659348 0.999999762 0.000089790 -0.000219106 -0.000079096 -0.000089738 1.000000000 0.000490926
0.999999821 -0.000641389 0.000070240 0.000248528 0.000641378 0.999999762 0.000161518 -0.000162286 -0.000070343 -0.000161473 1.000000000 0.000582390
0.999999762 -0.000684205 0.000058637 0.000296812 0.000684194 0.999999762 0.000176159 -0.000150686 -0.000058758 -0.000176119 1.000000000 0.000629269
0.999999702 -0.000796649 0.000008714 0.000509640 0.000796647 0.999999642 0.000194806 -0.000328522 -0.000008869 -0.000194799 1.000000000 0.000338903
0.999999583 -0.000920107 0.000005853 0.000735390 0.000920106 0.999999583 0.000115902 -0.000280676 -0.000005959 -0.000115897 1.000000000 0.000554088
0.999999583 -0.000922194 0.000018658 0.000712034 0.000922191 0.999999583 0.000119826 -0.000476213 -0.000018769 -0.000119808 1.000000000 0.000154001
0.999999702 -0.000777949 0.000035511 0.000610079 0.000777943 0.999999702 0.000172602 -0.000385254 -0.000035645 -0.000172575 1.000000000 0.000509092
0.999999583 -0.000903232 0.000013952 0.000590579 0.000903229 0.999999583 0.000197012 -0.000595648 -0.000014130 -0.000196999 1.000000000 0.000158354
0.999999762 -0.000696282 0.000089886 0.000402030 0.000696269 0.999999762 0.000143026 -0.000472745 -0.000089986 -0.000142964 1.000000000 0.000060708
0.999999702 -0.000796306 0.000075662 0.000432080 0.000796295 0.999999642 0.000149251 -0.000349939 -0.000075781 -0.000149191 1.000000000 0.000139086
0.999999762 -0.000719885 0.000015490 0.000444748 0.000719882 0.999999702 0.000143395 -0.000411842 -0.000015593 -0.000143384 1.000000000 0.000223310
0.999999762 -0.000656398 0.000048360 0.000472328 0.000656390 0.999999762 0.000162801 -0.000503187 -0.000048466 -0.000162769 1.000000000 0.000296055
0.999999821 -0.000588266 0.000089898 0.000203282 0.000588253 0.999999821 0.000149345 -0.000431592 -0.000089986 -0.000149292 1.000000000 0.000103174
0.999999762 -0.000651895 0.000131774 0.000172551 0.000651883 0.999999762 0.000091600 -0.000186026 -0.000131834 -0.000091514 1.000000000 0.000529249
0.999999762 -0.000707180 0.000046174 0.000237453 0.000707175 0.999999762 0.000109649 -0.000162026 -0.000046252 -0.000109617 1.000000000 0.000584915
0.999999762 -0.000718085 0.000020538 0.000557645 0.000718084 0.999999762 0.000074325 0.000035181 -0.000020591 -0.000074310 1.000000000 0.000542827
0.999999762 -0.000659977 0.000074786 0.000314585 0.000659974 0.999999762 0.000034790 -0.000058635 -0.000074809 -0.000034741 1.000000000 0.000334841
0.999999821 -0.000626499 0.000073010 0.000152829 0.000626492 0.999999821 0.000085664 -0.000195021 -0.000073064 -0.000085619 1.000000000 0.000517402
0.999999821 -0.000579397 0.000124722 0.000172128 0.000579397 0.999999821 0.000003383 -0.000199839 -0.000124723 -0.000003311 1.000000000 0.000649098
0.999999821 -0.000614918 0.000138145 0.000483394 0.000614921 0.999999821 -0.000021618 -0.000922844 -0.000138132 0.000021703 1.000000000 0.000662699
0.999999821 -0.000633024 0.000087184 0.000501582 0.000633026 0.999999821 -0.000024866 -0.001207867 -0.000087168 0.000024921 1.000000000 0.001333672
0.999999583 -0.000897775 0.000141903 0.001118261 0.000897791 0.999999583 -0.000112795 -0.001989825 -0.000141801 0.000112923 1.000000000 0.003099671
0.999999523 -0.000944465 0.000186628 0.001228575 0.000944533 0.999999464 -0.000361123 -0.002786710 -0.000186287 0.000361299 0.999999940 0.004860585
0.999999523 -0.000948785 0.000164204 0.001276224 0.000948829 0.999999523 -0.000272838 -0.003973372 -0.000163945 0.000272994 0.999999940 0.007930080
0.999999523 -0.000945120 0.000134108 0.001081874 0.000945149 0.999999523 -0.000219940 -0.004712540 -0.000133901 0.000220066 0.999999940 0.011236020
0.999999464 -0.001029293 0.000249413 0.001289242 0.001029339 0.999999464 -0.000183790 -0.005859270 -0.000249224 0.000184046 0.999999940 0.015121424
0.999999106 -0.001306987 0.000290359 0.001904281 0.001307060 0.999999106 -0.000252561 -0.006894034 -0.000290029 0.000252940 0.999999940 0.019550834
0.999998987 -0.001394218 0.000227757 0.002132598 0.001394260 0.999998987 -0.000181358 -0.008201095 -0.000227504 0.000181675 0.999999940 0.024111699
0.999998868 -0.001492133 0.000160125 0.002416473 0.001492159 0.999998868 -0.000159372 -0.009385865 -0.000159887 0.000159611 1.000000000 0.030159054
0.999999046 -0.001356043 0.000116574 0.002366907 0.001356072 0.999999046 -0.000245117 -0.010924982 -0.000116242 0.000245275 0.999999940 0.035635591
0.999998808 -0.001516409 0.000305128 0.002307157 0.001516547 0.999998748 -0.000451408 -0.012600514 -0.000304443 0.000451870 0.999999881 0.042899102
0.999998510 -0.001721509 0.000250571 0.003064198 0.001721649 0.999998331 -0.000561963 -0.015010864 -0.000249603 0.000562394 0.999999821 0.050637674
0.999998152 -0.001913385 0.000236987 0.003698846 0.001913558 0.999997914 -0.000732923 -0.017714178 -0.000235584 0.000733375 0.999999702 0.059854325
0.999998152 -0.001907395 0.000192998 0.003874627 0.001907537 0.999997914 -0.000743320 -0.020606706 -0.000191580 0.000743686 0.999999702 0.070626535
0.999997616 -0.002166874 0.000211792 0.004856318 0.002167026 0.999997377 -0.000723643 -0.023842122 -0.000210224 0.000724100 0.999999702 0.082730427
0.999997318 -0.002304133 0.000182704 0.006200138 0.002304237 0.999997199 -0.000575198 -0.027014963 -0.000181378 0.000575617 0.999999821 0.096564196
0.999996960 -0.002457666 0.000310295 0.006634596 0.002457783 0.999996901 -0.000377599 -0.030676048 -0.000309366 0.000378360 0.999999881 0.112310804
0.999996662 -0.002528330 0.000538751 0.006920838 0.002528448 0.999996781 -0.000219013 -0.034808107 -0.000538195 0.000220375 0.999999821 0.128683433
0.999997139 -0.002305005 0.000630807 0.008432075 0.002305061 0.999997318 -0.000088001 -0.039391745 -0.000630603 0.000089455 0.999999821 0.146424741
0.999997377 -0.002118479 0.000878977 0.009355716 0.002118555 0.999997735 -0.000085529 -0.045069121 -0.000878794 0.000087391 0.999999583 0.165560111
0.999997318 -0.002045908 0.001096707 0.010731478 0.002046199 0.999997854 -0.000263921 -0.051527951 -0.001096165 0.000266164 0.999999344 0.186064139
0.999998152 -0.001397684 0.001320490 0.010651870 0.001398035 0.999998987 -0.000264692 -0.057962049 -0.001320119 0.000266537 0.999999106 0.208668828
0.999998391 -0.000769286 0.001633430 0.011482163 0.000769498 0.999999702 -0.000129456 -0.064439625 -0.001633330 0.000130713 0.999998629 0.233099788
0.999998331 -0.000193759 0.001820016 0.012664218 0.000193832 1.000000000 -0.000040150 -0.070908055 -0.001820008 0.000040503 0.999998331 0.261024266
0.999997318 -0.000102927 0.002326055 0.014153921 0.000102002 0.999999940 0.000397623 -0.078620814 -0.002326096 -0.000397385 0.999997199 0.289640367
0.999996841 -0.000095684 0.002504192 0.015454450 0.000093744 0.999999702 0.000774727 -0.086460225 -0.002504265 -0.000774490 0.999996543 0.319366097
0.999996722 0.000049847 0.002550440 0.017180344 -0.000051844 0.999999702 0.000782734 -0.093824305 -0.002550400 -0.000782863 0.999996424 0.350572795
0.999996364 -0.000021480 0.002692282 0.018263310 0.000018759 0.999999464 0.001010758 -0.101914570 -0.002692303 -0.001010704 0.999995887 0.383210182
0.999997139 0.000297666 0.002365442 0.019643024 -0.000300146 0.999999404 0.001048122 -0.109998852 -0.002365129 -0.001048829 0.999996662 0.418888062
0.999996424 0.000760529 0.002573888 0.020968987 -0.000763371 0.999999106 0.001103257 -0.119235903 -0.002573046 -0.001105218 0.999996066 0.455419302
0.999992609 0.001074581 0.003692766 0.020857528 -0.001078462 0.999998868 0.001049299 -0.128208861 -0.003691634 -0.001053274 0.999992609 0.496648490
0.999988914 0.001486081 0.004490735 0.023045558 -0.001491070 0.999998271 0.001107695 -0.138269305 -0.004489081 -0.001114379 0.999989331 0.540623546
0.999987900 0.001184239 0.004750400 0.028147671 -0.001191110 0.999998331 0.001443920 -0.148686364 -0.004748682 -0.001449561 0.999987662 0.588073432
0.999978781 0.000818813 0.006472318 0.035718624 -0.000827865 0.999998689 0.001395981 -0.161213562 -0.006471167 -0.001401309 0.999978065 0.637443423
0.999966025 -0.001022408 0.008174635 0.045407929 0.001008655 0.999998093 0.001686297 -0.174256444 -0.008176344 -0.001677994 0.999965191 0.688364863
0.999943197 -0.004294191 0.009755068 0.053670865 0.004276596 0.999989271 0.001823832 -0.187786445 -0.009762795 -0.001782010 0.999950767 0.738943994
0.999928474 -0.002669432 0.011657410 0.055972513 0.002663303 0.999996305 0.000541235 -0.203961402 -0.011658812 -0.000510149 0.999931931 0.787932277
0.999891102 0.004951408 0.013900901 0.052857753 -0.004946757 0.999987662 -0.000368912 -0.221491784 -0.013902558 0.000300107 0.999903321 0.835590422
0.999786377 0.013393736 0.015743950 0.047989748 -0.013362402 0.999908507 -0.002093677 -0.237822905 -0.015770555 0.001882852 0.999873936 0.883349836
0.999606550 0.021301333 0.018249027 0.046725385 -0.021251075 0.999769807 -0.002943544 -0.253602207 -0.018307531 0.002554575 0.999829173 0.930996716
0.999488950 0.024247067 0.020831170 0.052515216 -0.024174290 0.999700785 -0.003738243 -0.268295765 -0.020915577 0.003232755 0.999776006 0.979569554
0.999488711 0.022153292 0.023054624 0.064313941 -0.022076441 0.999749839 -0.003582580 -0.281964898 -0.023128223 0.003071784 0.999727786 1.030037284
0.999542236 0.017509529 0.024671428 0.080367111 -0.017445149 0.999843836 -0.002822234 -0.294827014 -0.024716990 0.002390546 0.999691606 1.081642747
0.999547243 0.013757550 0.026758663 0.096773401 -0.013699480 0.999903440 -0.002352144 -0.307231694 -0.026788436 0.001984499 0.999639153 1.134608746
0.999517083 0.010368213 0.029295223 0.113589227 -0.010312677 0.999944687 -0.002046272 -0.319607496 -0.029314820 0.001743171 0.999568641 1.190019011
0.999466062 0.007275324 0.031852014 0.128919259 -0.007236572 0.999972880 -0.001331766 -0.333004683 -0.031860840 0.001100555 0.999491692 1.246512651
0.999364793 0.005545881 0.035201222 0.143347159 -0.005504602 0.999984026 -0.001269497 -0.347122818 -0.035207696 0.001074922 0.999379456 1.304937959
0.999196351 0.005323832 0.039727952 0.159202367 -0.005287501 0.999985456 -0.001019477 -0.362670690 -0.039732803 0.000808596 0.999210060 1.364242911
0.999022603 0.003860046 0.044033751 0.178644955 -0.003788916 0.999991417 -0.001698714 -0.379502356 -0.044039927 0.001530213 0.999028623 1.424775481
0.998720288 0.003460036 0.050455946 0.198068395 -0.003358904 0.999992192 -0.002089028 -0.397723556 -0.050462771 0.001916878 0.998724163 1.484660029
0.998531997 0.001621900 0.054141007 0.217034265 -0.001481289 0.999995410 -0.002637155 -0.414850235 -0.054145034 0.002553086 0.998529851 1.546312809
0.998243034 0.004482996 0.059082344 0.231527627 -0.004358505 0.999988019 -0.002235777 -0.430855334 -0.059091665 0.001974339 0.998250663 1.608317494
0.997874856 0.009472621 0.064466402 0.244109154 -0.009349999 0.999953985 -0.002203509 -0.445520073 -0.064484298 0.001596066 0.997917473 1.675461173
0.997524559 0.013182696 0.069072768 0.260108203 -0.013094745 0.999912739 -0.001725940 -0.460344851 -0.069089502 0.000817178 0.997610152 1.742928982
0.997150064 0.015662784 0.073799312 0.282296449 -0.015597017 0.999877274 -0.001467439 -0.476588607 -0.073813237 0.000312208 0.997272015 1.812182546
0.996687055 0.014852226 0.079964504 0.311274201 -0.014650652 0.999887824 -0.003106954 -0.494923472 -0.080001682 0.001925128 0.996792853 1.880653501
0.996294856 0.005830152 0.085804470 0.349973947 -0.005518675 0.999977231 -0.003866823 -0.515963554 -0.085825063 0.003378969 0.996304512 1.948318481
0.995727241 -0.005246173 0.092193864 0.388571829 0.005750029 0.999969959 -0.005200416 -0.538270712 -0.092163816 0.005708315 0.995727479 2.016965628
0.995134830 -0.010724449 0.097937047 0.425775796 0.011466322 0.999909639 -0.007015283 -0.560362577 -0.097852975 0.008104130 0.995167851 2.086561680
0.994601071 -0.015413485 0.102621853 0.460410029 0.016184907 0.999846637 -0.006688664 -0.580826163 -0.102503017 0.008313477 0.994697988 2.158213139
0.993915021 -0.016840618 0.108854920 0.492060333 0.017529994 0.999831855 -0.005379080 -0.599089503 -0.108746029 0.007254575 0.994043052 2.234727383
0.993139267 -0.013115087 0.116199873 0.521412611 0.013550524 0.999903798 -0.002958104 -0.615756989 -0.116149910 0.004512378 0.993221462 2.313164949
0.991890967 -0.009165443 0.126760766 0.551254451 0.009425906 0.999954522 -0.001455066 -0.633748889 -0.126741648 0.002638102 0.991932213 2.392373562
0.990685582 -0.006602250 0.136009082 0.580253243 0.006603315 0.999978125 0.000443323 -0.650671780 -0.136009037 0.000458917 0.990707517 2.473775387
0.989995420 -0.008494800 0.140843317 0.613732576 0.008276392 0.999963522 0.002136417 -0.670814991 -0.140856326 -0.000949369 0.990029693 2.551379919
0.989366233 -0.009985726 0.145102635 0.655758262 0.009891399 0.999950171 0.001371531 -0.693769634 -0.145109087 0.000078322 0.989415705 2.624667168
0.987809241 -0.016657289 0.154775366 0.707410812 0.017087616 0.999852955 -0.001450245 -0.717867315 -0.154728442 0.004077307 0.987948656 2.695854902
0.985821068 -0.031545352 0.164807886 0.763856888 0.032274496 0.999477565 -0.001747538 -0.741289258 -0.164666653 0.007041851 0.986324131 2.768246174
0.984396219 -0.038749781 0.171646327 0.815104783 0.040239256 0.999176562 -0.005205509 -0.763850570 -0.171303287 0.012031205 0.985144913 2.842932224
0.982928276 -0.035636961 0.180504560 0.853332758 0.036881544 0.999313354 -0.003542420 -0.786277056 -0.180254340 0.010139232 0.983567774 2.921789408
0.982031345 -0.031268682 0.186109260 0.893278956 0.032896217 0.999442816 -0.005662601 -0.809546173 -0.185828492 0.011683143 0.982512712 3.000533581
0.980414450 -0.026213150 0.195193291 0.939936042 0.028639091 0.999543607 -0.009616042 -0.833353698 -0.194852144 0.015017862 0.980717659 3.079600096
0.978303909 -0.023966765 0.205784082 0.997009456 0.027045188 0.999560237 -0.012159269 -0.853817523 -0.205402195 0.017460927 0.978521824 3.160518169
0.975308836 -0.035249874 0.218014047 1.062999487 0.037776660 0.999258578 -0.007431479 -0.871926248 -0.217590466 0.015483830 0.975917280 3.243030787
0.972312629 -0.048283234 0.228641272 1.130978107 0.050408661 0.998722672 -0.003461372 -0.891419530 -0.228182107 0.014891034 0.973504603 3.324867725
0.969125569 -0.054235492 0.240528896 1.193303227 0.055891093 0.998436868 -0.000061431 -0.911057949 -0.240149602 0.013502959 0.970641971 3.409566164
0.966562212 -0.049869843 0.251535922 1.246559262 0.050334640 0.998721838 0.004589940 -0.935347915 -0.251443326 0.008224509 0.967837036 3.494840384
0.963771224 -0.046035968 0.262727410 1.303316474 0.045782294 0.998926222 0.007090559 -0.960460007 -0.262771726 0.005194584 0.964844108 3.577982426
0.960156262 -0.045950171 0.275660276 1.369083047 0.045372013 0.998934150 0.008477736 -0.984987497 -0.275756001 0.004367311 0.961217761 3.658825874
0.955557048 -0.049119737 0.290685534 1.439082265 0.048295252 0.998782873 0.010014562 -1.009407043 -0.290823698 0.004469245 0.956766248 3.738421679
0.950964510 -0.051670607 0.304953516 1.512296557 0.051267739 0.998641253 0.009334557 -1.033953547 -0.305021524 0.006757445 0.952321470 3.816792011
0.946640909 -0.051871371 0.318088651 1.584580779 0.052389465 0.998602569 0.006931659 -1.058601260 -0.318003744 0.010102701 0.948035657 3.896264553
0.943093359 -0.054760966 0.327988058 1.662266850 0.056685906 0.998385131 0.003696585 -1.084239960 -0.327660888 0.015106077 0.944674551 3.976671457
0.938835859 -0.061010294 0.338917196 1.748348594 0.064636327 0.997908711 0.000589524 -1.110606790 -0.338244468 0.021352898 0.940815926 4.053578377
0.933381975 -0.069469295 0.352096796 1.838350415 0.074319914 0.997234404 -0.000260435 -1.137354970 -0.351104975 0.026410889 0.935963571 4.128538609
0.928083003 -0.081058457 0.363443881 1.933480620 0.087035470 0.996205270 -0.000069582 -1.162213206 -0.362059057 0.031697087 0.931616127 4.204786777
0.923850179 -0.093239695 0.371224046 2.023609638 0.099248305 0.995058239 0.002931859 -1.186713099 -0.369662970 0.034134760 0.928538680 4.280867577
0.920698464 -0.099503301 0.377377123 2.111297607 0.105192691 0.994436264 0.005561940 -1.211045146 -0.375830978 0.034576446 0.926042974 4.356027603
0.914652646 -0.105385721 0.390261918 2.197707415 0.111424357 0.993746758 0.007205744 -1.235394478 -0.388580918 0.036893938 0.920675635 4.429457188
0.908049405 -0.106339820 0.405139595 2.284616947 0.112995856 0.993566930 0.007528014 -1.257165432 -0.403333813 0.038943294 0.914223790 4.500969410
0.900738478 -0.104330108 0.421646237 2.373453379 0.112009227 0.993685246 0.006593917 -1.279005527 -0.419671595 0.041288871 0.906736374 4.576643944
0.894340873 -0.102577537 0.435467869 2.460533857 0.110858351 0.993815362 0.006425254 -1.298480272 -0.433433801 0.042528875 0.900181353 4.656595230
0.889217734 -0.100157991 0.446385622 2.548497438 0.108370319 0.994084775 0.007170287 -1.317742705 -0.444463313 0.041999005 0.894811928 4.734708309
0.883512914 -0.100866042 0.457417607 2.642512083 0.108968116 0.994007051 0.008715915 -1.336884499 -0.455555469 0.042143308 0.889209270 4.809385777
0.876929820 -0.107769191 0.468380004 2.742590666 0.116955072 0.993091464 0.009529158 -1.356892347 -0.466171145 0.046423014 0.883475780 4.880108356
0.869189203 -0.123791479 0.478733510 2.846933365 0.133750007 0.990924597 0.013397780 -1.378751636 -0.476047367 0.052385397 0.877858043 4.944149017
0.861436665 -0.135952830 0.489329785 2.951999903 0.147109509 0.988994062 0.015799185 -1.399284959 -0.486092210 0.058375075 0.871955633 5.009963036
0.854372740 -0.135008752 0.501816452 3.052246332 0.147307932 0.988972783 0.015272659 -1.422083497 -0.498344719 0.060873017 0.864839256 5.083241463
0.847616017 -0.136489153 0.512755096 3.154436111 0.150497004 0.988506436 0.014347395 -1.447621107 -0.508819938 0.065007031 0.858415008 5.152559280
0.841236413 -0.140256375 0.522158325 3.258756161 0.155304402 0.987751126 0.015111597 -1.469639778 -0.517881989 0.068381086 0.852714598 5.221964359
0.832250774 -0.144903049 0.535127819 3.365659714 0.160233706 0.986914217 0.018037308 -1.488495588 -0.530738950 0.070733957 0.844578505 5.291709423
0.824009597 -0.147944435 0.546919227 3.474397182 0.164181560 0.986238956 0.019420378 -1.508503556 -0.542266130 0.073791482 0.836960137 5.360685825
0.815028489 -0.150149807 0.559628069 3.585213423 0.168173075 0.985564470 0.019506639 -1.529343486 -0.554478347 0.078215905 0.828514278 5.430627823
0.808420777 -0.150347680 0.569079459 3.691941977 0.168469146 0.985482395 0.021035811 -1.552576184 -0.563980520 0.078866549 0.822013378 5.500678062
0.800623715 -0.153969064 0.579046667 3.806631565 0.173790604 0.984547913 0.021499205 -1.570625782 -0.573409379 0.083420105 0.815010846 5.570755482
0.791704774 -0.161833271 0.589078724 3.932205677 0.182433382 0.982904315 0.024840973 -1.590469599 -0.583028018 0.087800890 0.807693899 5.642830372
0.782139122 -0.167767808 0.600093722 4.054868698 0.189107075 0.981558919 0.027938893 -1.610016704 -0.593714595 0.091629848 0.799441636 5.711162567
0.772535682 -0.170747176 0.611583352 4.177255630 0.191099778 0.981032431 0.032501120 -1.628401995 -0.605532527 0.091765150 0.790512204 5.781057835
0.764159739 -0.176181689 0.620499790 4.300274372 0.194996223 0.980062485 0.038131882 -1.645349860 -0.614846766 0.091856241 0.783278942 5.852138042
0.755501091 -0.180496782 0.629792929 4.422223091 0.200829074 0.978825033 0.039613381 -1.664849401 -0.623607218 0.096552759 0.775752306 5.918313980
0.745646060 -0.182852134 0.640762866 4.549580574 0.203466237 0.978165030 0.042364765 -1.683479071 -0.634518206 0.098784477 0.766569138 5.982603073
0.736506522 -0.185979441 0.650361240 4.676570415 0.209477663 0.976905227 0.042134430 -1.702707887 -0.643177450 0.105203897 0.758455634 6.045926094
0.726029396 -0.186520860 0.661884606 4.803165913 0.209020376 0.976828992 0.045995988 -1.721243382 -0.655127168 0.104952924 0.748193383 6.109581947
0.714806020 -0.188923389 0.673320234 4.931246758 0.211911753 0.976064622 0.048900388 -1.737546563 -0.666442513 0.107730187 0.737732053 6.171156883
0.706604302 -0.194587141 0.680327952 5.061521053 0.217924803 0.974557877 0.052400902 -1.752177238 -0.673215568 0.111233614 0.731032193 6.233208179
0.696666121 -0.197258592 0.689742923 5.192056179 0.220132694 0.973851442 0.056168124 -1.766152501 -0.682786763 0.112704530 0.721872509 6.293522358
0.686158121 -0.199496061 0.699562967 5.325895786 0.221886039 0.973230779 0.059904266 -1.778547287 -0.692786813 0.114119448 0.712055564 6.349593163
0.675794721 -0.203528866 0.708433092 5.453032970 0.227869794 0.971728444 0.061800558 -1.794227123 -0.700982690 0.119666010 0.703067124 6.400676727
0.665410578 -0.206935227 0.717221320 5.588623524 0.232397839 0.970486522 0.064398319 -1.809617758 -0.709379911 0.123829387 0.693863273 6.454321384
0.656638205 -0.211482346 0.723948538 5.721444607 0.239010513 0.968757093 0.066208608 -1.824562311 -0.715332329 0.129556209 0.686669409 6.508322716
0.649134457 -0.211964577 0.730544686 5.852265835 0.237770900 0.968808532 0.069821596 -1.836859703 -0.722557545 0.128378659 0.679286003 6.564843178
0.639390469 -0.212640762 0.738893628 5.985247135 0.239755839 0.968221128 0.071168169 -1.851435184 -0.730545640 0.131649822 0.670053184 6.616361618
0.627495646 -0.217468739 0.747633994 6.121410370 0.246133834 0.966367602 0.074510843 -1.860758543 -0.738693058 0.137262776 0.659917772 6.663917065
0.616139531 -0.223732546 0.755192637 6.252910137 0.253133059 0.964190245 0.079126127 -1.873373270 -0.745852411 0.142411456 0.650709748 6.711038589
0.608065426 -0.226041764 0.761026680 6.388277054 0.255676270 0.963292897 0.081832260 -1.884560943 -0.751589119 0.144817069 0.643538535 6.762440205
0.600874603 -0.225314707 0.766930819 6.520188332 0.254296541 0.963486671 0.083824247 -1.900224566 -0.757814586 0.144660026 0.636231422 6.813192844
0.592739701 -0.222578838 0.774027348 6.650606155 0.250477850 0.964340150 0.085492492 -1.914158583 -0.765454412 0.143201917 0.627353728 6.866846561
0.584696472 -0.221960977 0.780296922 6.781570435 0.246141329 0.965039611 0.090072311 -1.925328612 -0.773009837 0.139398351 0.618889093 6.922242165
0.574177146 -0.222811192 0.787829757 6.915630817 0.243545458 0.965179265 0.095470481 -1.933609366 -0.781668782 0.137055382 0.608448505 6.973678112
0.564900577 -0.226497903 0.793464541 7.049827099 0.245722219 0.964139581 0.100277856 -1.943006039 -0.787723184 0.138324857 0.600298524 7.022047997
0.556138217 -0.227522105 0.799339652 7.186397076 0.244501740 0.964024544 0.104286216 -1.952739954 -0.794310451 0.137442395 0.591760397 7.067193031
0.547790706 -0.227972731 0.804955721 7.321813583 0.244764730 0.963729918 0.106371440 -1.962262273 -0.800009727 0.138755471 0.583721936 7.108704090
0.539479971 -0.234021425 0.808823526 7.466203213 0.253907144 0.961098313 0.108725563 -1.969795108 -0.802802861 0.146710798 0.577912867 7.146876335
0.530389190 -0.237193197 0.813895941 7.608591080 0.257655263 0.959747910 0.111793257 -1.978013039 -0.807651460 0.150410622 0.570154011 7.184014797
0.520335793 -0.241823450 0.819006681 7.749418736 0.264915138 0.957461953 0.114396967 -1.987602472 -0.811831594 0.157442436 0.562264383 7.221123695
0.511720002 -0.243894681 0.823807061 7.888901711 0.267414629 0.956445336 0.117054708 -1.997066736 -0.816475391 0.160398811 0.554653168 7.257072926
0.501119614 -0.241829589 0.830901682 8.028248787 0.266372353 0.956647515 0.117777117 -2.007536411 -0.823361933 0.162308857 0.543811500 7.295278549
0.492027164 -0.242105499 0.836238146 8.165942192 0.266533524 0.956320286 0.120047905 -2.016223431 -0.828775644 0.163818687 0.535064757 7.332595348
0.483617842 -0.242632568 0.840977550 8.309323311 0.267011523 0.955908835 0.122242384 -2.024457216 -0.833557844 0.165432036 0.527080238 7.373252869
0.475675613 -0.243456721 0.845258296 8.450160027 0.266940534 0.955571055 0.125006869 -2.033115387 -0.838138163 0.166170970 0.519530237 7.410959244
0.466297984 -0.244609892 0.850136578 8.592728615 0.268284976 0.954853415 0.127586365 -2.040272474 -0.842964649 0.168585598 0.510871291 7.441833496
0.456215173 -0.246129230 0.855153918 8.735740662 0.270919174 0.953785539 0.129984856 -2.048177719 -0.847626507 0.172376499 0.501812458 7.471138000
0.446860939 -0.250856549 0.858712077 8.878179550 0.276484519 0.951613784 0.134117633 -2.053989649 -0.850806475 0.177488640 0.494596988 7.500277996
0.439328343 -0.255081922 0.861350000 9.021299362 0.281614721 0.949612558 0.137583628 -2.055966377 -0.853043914 0.182124451 0.489026457 7.532806873
0.430919945 -0.256374121 0.865205407 9.164067268 0.279410869 0.949581385 0.142214105 -2.059499502 -0.858042896 0.180464864 0.480827212 7.564734936
0.422828019 -0.253635824 0.869991601 9.309569359 0.279237211 0.949785948 0.141185701 -2.065874338 -0.862115443 0.183236793 0.472420603 7.596040249
0.413791478 -0.255822212 0.873688519 9.454665184 0.281555176 0.948615611 0.144412786 -2.071330547 -0.865738630 0.186234772 0.464557111 7.626542568
0.404812723 -0.256527662 0.877678931 9.600327492 0.284045577 0.947635233 0.145963892 -2.076411009 -0.869163215 0.190212756 0.456480384 7.655056953
0.397264689 -0.259364337 0.880290270 9.744222641 0.286328584 0.946377277 0.149619162 -2.082747936 -0.871892571 0.192613855 0.450225741 7.687162399
0.392385006 -0.259099066 0.882554054 9.885393143 0.284532815 0.946634412 0.151407927 -2.086882591 -0.874685645 0.191705421 0.445167333 7.720049381
0.385381073 -0.258293211 0.885870218 10.025129318 0.283223212 0.946795881 0.152846426 -2.095304728 -0.878217578 0.191994891 0.438031852 7.753111362
0.379439771 -0.256303728 0.889007151 10.175957680 0.281080604 0.947382808 0.153164834 -2.101294279 -0.881486893 0.191765890 0.431516707 7.783974171
0.370805323 -0.255945861 0.892745793 10.320034981 0.283077478 0.946680009 0.153831273 -2.110381126 -0.884517074 0.195674762 0.423486501 7.812519550
0.364537418 -0.256510288 0.895161927 10.465352058 0.286018699 0.945684552 0.154512092 -2.118891001 -0.886174798 0.199707627 0.418104172 7.841950417
0.359132081 -0.257009417 0.897201419 10.609220505 0.285212815 0.945568025 0.156699345 -2.123873949 -0.888638139 0.199617565 0.412886232 7.873913765
0.352366686 -0.257644802 0.899698198 10.755784035 0.283285409 0.945620596 0.159846857 -2.127460957 -0.891956866 0.198546648 0.406192183 7.907093525
0.347596765 -0.259676784 0.900968671 10.900296211 0.283778846 0.944956183 0.162872076 -2.134443045 -0.893669963 0.199062034 0.402154505 7.940265656
0.342121482 -0.257206321 0.903768659 11.038956642 0.280239433 0.945967257 0.163131237 -2.140298605 -0.896893919 0.197460905 0.395715058 7.972700596
0.336275369 -0.257085085 0.905994534 11.184526443 0.275238127 0.946845233 0.166517526 -2.145329952 -0.900645792 0.193368509 0.389160365 8.004182816
0.331512600 -0.261573970 0.906464815 11.331604004 0.277564347 0.945316434 0.171274230 -2.149320364 -0.901696980 0.194822744 0.385987908 8.034905434
0.326245308 -0.262391031 0.908138156 11.477870941 0.277911544 0.944869816 0.173165306 -2.155766249 -0.903509378 0.195887715 0.381180853 8.063405037
0.323190928 -0.261516184 0.909481645 11.619933128 0.280620635 0.944315970 0.171812028 -2.163154125 -0.903769672 0.199691236 0.378581166 8.089010239
0.318074524 -0.260462701 0.911585212 11.764253616 0.280740321 0.944274426 0.171845600 -2.170430899 -0.905545950 0.201259047 0.373471916 8.111074448
0.311453521 -0.257813901 0.914619446 11.909514427 0.283993393 0.943757713 0.169319704 -2.178490400 -0.906832159 0.207010657 0.367154092 8.130307198
0.304044962 -0.257874727 0.917091727 12.053258896 0.284872621 0.943229437 0.170780033 -2.183412075 -0.909067810 0.209329516 0.360245556 8.153826714
0.300425768 -0.258299291 0.918164372 12.204864502 0.285739869 0.942793846 0.171733290 -2.186608076 -0.909998417 0.210763022 0.357046068 8.178401947
0.295147508 -0.259060562 0.919660628 12.352762222 0.280876964 0.943534493 0.175643548 -2.191838503 -0.913233936 0.206470713 0.351246029 8.207102776
0.290098131 -0.257332146 0.921750128 12.501715660 0.276596963 0.944608271 0.176661551 -2.199458838 -0.916153610 0.203704074 0.345206439 8.233648300
0.284790039 -0.258096784 0.923190475 12.647774696 0.281884551 0.943038642 0.176688761 -2.210495234 -0.916207373 0.209913954 0.341321558 8.253909111
0.278695911 -0.253477901 0.926324785 12.799462318 0.279384196 0.944222987 0.174319446 -2.224370003 -0.918843389 0.210218415 0.333968848 8.272419930
0.272681892 -0.250172257 0.929009318 12.946970940 0.280289501 0.944372833 0.172039226 -2.236566782 -0.920370817 0.213479608 0.327634037 8.286126137
0.266657591 -0.247771174 0.931398571 13.097606659 0.282931715 0.943935633 0.170103446 -2.245500088 -0.921326995 0.218162820 0.321809977 8.301738739
0.261445969 -0.247449189 0.932960212 13.260125160 0.284161597 0.943475246 0.170606703 -2.246845007 -0.922441363 0.220507026 0.316983372 8.320122719
0.257069916 -0.249170452 0.933717847 13.416168213 0.283682168 0.943079770 0.173565730 -2.252653837 -0.923817813 0.220260575 0.313122690 8.343963623
0.250854284 -0.248156175 0.935676515 13.572484970 0.280939609 0.943644881 0.174949750 -2.257016659 -0.926361203 0.218981683 0.306434274 8.363703728
0.244438201 -0.248058617 0.937398970 13.728874207 0.279616535 0.943691015 0.176810235 -2.260205746 -0.928474307 0.218893081 0.300035477 8.381551743
0.239382535 -0.248395965 0.938613474 13.884638786 0.280961603 0.943082392 0.177922547 -2.266092062 -0.929385066 0.221122816 0.295547158 8.398342133
0.232507378 -0.246281669 0.940896094 14.041171074 0.279948980 0.943413734 0.177761674 -2.272354126 -0.931433797 0.222072020 0.288296938 8.413187981
0.228869185 -0.244487092 0.942255259 14.201784134 0.277411491 0.944191933 0.177607700 -2.281883001 -0.933092594 0.220743507 0.283919960 8.430579185
0.223589897 -0.240719795 0.944490075 14.361314774 0.278405577 0.944424033 0.174795762 -2.290588856 -0.934075952 0.223868772 0.278181374 8.444725990
0.219863787 -0.240488514 0.945423305 14.522771835 0.281273186 0.943607450 0.174614862 -2.299024820 -0.934101343 0.227530748 0.275108069 8.460253716
0.215414256 -0.239746496 0.946635187 14.681395531 0.282133430 0.943333268 0.174708560 -2.307130814 -0.934878290 0.229442760 0.270847917 8.476724625
0.211688325 -0.239688456 0.947490096 14.841591835 0.282930702 0.942978203 0.175334662 -2.312548161 -0.935488284 0.230957776 0.267432690 8.492275238
0.206944376 -0.238031104 0.948954761 15.000051498 0.281511903 0.943418264 0.175251365 -2.320414782 -0.936976612 0.230874747 0.262243688 8.512344360
0.203815177 -0.236374021 0.950045645 15.161941528 0.275233716 0.945111215 0.176099882 -2.330108404 -0.939524174 0.225592792 0.257686079 8.537429810
0.202616408 -0.236669734 0.950228393 15.322737694 0.271155536 0.945972919 0.177791595 -2.338131666 -0.940968275 0.221636191 0.255843937 8.566031456
0.202161402 -0.240826800 0.949280381 15.485514641 0.268918127 0.945686817 0.182645619 -2.343710184 -0.941707909 0.218354806 0.255944073 8.591686249
0.199105665 -0.241326660 0.949799120 15.646318436 0.271622688 0.944821358 0.183121875 -2.349395037 -0.941582739 0.221526384 0.253669083 8.610157967
0.194211259 -0.243397355 0.950284064 15.806301117 0.276921004 0.942931294 0.184919268 -2.354253531 -0.941061497 0.227240205 0.250529766 8.623151779
0.190848425 -0.247090697 0.950012088 15.972771645 0.283035845 0.940549314 0.187770307 -2.356199741 -0.939929545 0.233051807 0.249437883 8.638369560
0.189733401 -0.245993257 0.950520158 16.130781174 0.284072638 0.940452933 0.186684117 -2.361965895 -0.939842522 0.234596610 0.248315275 8.657709122
0.188909858 -0.246215001 0.950626791 16.293939590 0.277396947 0.942010164 0.188858628 -2.370706081 -0.942000031 0.228023708 0.246254325 8.687736511
0.189304367 -0.243002921 0.951374471 16.456325531 0.273094565 0.943695903 0.186701313 -2.382718563 -0.943177223 0.224471867 0.245008513 8.716387749
0.186457187 -0.239860311 0.952733397 16.615606308 0.268382162 0.945290864 0.185462147 -2.395240545 -0.945095003 0.221115887 0.240630507 8.741843224
0.185369790 -0.237381980 0.953565896 16.777280807 0.263680905 0.946812272 0.184442118 -2.406042814 -0.946631014 0.217247128 0.238103479 8.766298294
0.184286222 -0.239364058 0.953280330 16.944881439 0.267843485 0.945414543 0.185610071 -2.414736748 -0.945673525 0.221124545 0.238338992 8.783432007
0.183023274 -0.238108128 0.953838050 17.111162186 0.272764742 0.944434047 0.183422267 -2.429293156 -0.944511414 0.226602852 0.237800911 8.799585342
0.180345148 -0.235825449 0.954914629 17.277341843 0.274051458 0.944436669 0.181480467 -2.443114996 -0.944654107 0.228966653 0.234952882 8.813128471
0.178680405 -0.236970574 0.954944074 17.447736740 0.280140132 0.942644536 0.181501180 -2.453669071 -0.943183362 0.235087439 0.234817088 8.825733185
0.174120590 -0.234094530 0.956494510 17.614084244 0.281857342 0.942540646 0.179370031 -2.466174603 -0.943524480 0.238362953 0.230096996 8.839740753
0.171509489 -0.234567448 0.956850350 17.780834198 0.278747678 0.943108499 0.181234911 -2.474759102 -0.944925487 0.235636368 0.227137163 8.861201286
0.171364307 -0.232689142 0.957334876 17.950242996 0.273892462 0.944655299 0.180580139 -2.488072395 -0.946370542 0.231261820 0.225612029 8.888572693
0.169773787 -0.229101643 0.958482862 18.120302200 0.268151432 0.946643770 0.178774774 -2.502025604 -0.948299289 0.226667255 0.222149208 8.913753510
0.170064643 -0.227556333 0.958799303 18.290695190 0.265631765 0.947543144 0.177769080 -2.515290737 -0.948956132 0.224455327 0.221589744 8.936007500
0.169565469 -0.225695297 0.959327519 18.459508896 0.269112349 0.947032750 0.175235957 -2.528547764 -0.948064387 0.228452936 0.221321434 8.950974464
0.167755440 -0.220249206 0.960910201 18.620464325 0.270331025 0.947637618 0.170012638 -2.547112465 -0.948039591 0.231243312 0.218511552 8.961950302
0.164504513 -0.216872841 0.962239265 18.793354034 0.270941496 0.947940707 0.167329967 -2.563958645 -0.948434949 0.233184040 0.214700401 8.976255417
0.162640795 -0.211977705 0.963645995 18.961233139 0.273265570 0.948123634 0.162442386 -2.581784010 -0.948089659 0.236911491 0.212129802 8.992049217
0.160616383 -0.210441574 0.964321971 19.133434296 0.268139780 0.949565887 0.162560314 -2.597722530 -0.949896455 0.232463270 0.208943635 9.013125420
0.160978615 -0.208426818 0.964699030 19.304283142 0.264562488 0.950787842 0.161273897 -2.614012241 -0.950837791 0.229261532 0.208198428 9.037239075
0.161516979 -0.208504096 0.964592278 19.472082138 0.265809923 0.950495005 0.160948083 -2.623819351 -0.950398505 0.230402365 0.208943546 9.059470177
0.161409885 -0.209323958 0.964432597 19.645759583 0.263752967 0.950849414 0.162233442 -2.634744406 -0.950989664 0.228185877 0.208686292 9.083974838
0.160811722 -0.211338058 0.964093208 19.818040848 0.263929784 0.950441658 0.164321780 -2.644582987 -0.951041877 0.228028014 0.208620593 9.102673531
0.158882871 -0.212036759 0.964259624 19.990451813 0.268002868 0.949256659 0.164578333 -2.654775620 -0.950226665 0.232275665 0.207647130 9.115205765
0.157594979 -0.212339446 0.964404345 20.159763336 0.273813903 0.947711051 0.163919583 -2.664102554 -0.948783278 0.238234460 0.207496017 9.127508163
0.156295881 -0.212171480 0.964652717 20.333709717 0.276565492 0.946988404 0.163476318 -2.675613642 -0.948199928 0.241238967 0.206689700 9.143329620
0.154353887 -0.213110313 0.964758396 20.509860992 0.276429743 0.946779132 0.164912120 -2.683592319 -0.948557556 0.241233140 0.205049038 9.161628723
0.154532492 -0.215088129 0.964290798 20.683151245 0.276245713 0.946493447 0.166848600 -2.691431761 -0.948582053 0.240597725 0.205681175 9.180722237
0.154601932 -0.215558827 0.964174688 20.855632782 0.277444184 0.946110308 0.167033076 -2.701732397 -0.948220968 0.241680980 0.206076026 9.199081421
0.151994005 -0.215847850 0.964524508 21.031423569 0.279598057 0.945392311 0.167506009 -2.716653347 -0.948009849 0.244219318 0.204044625 9.213859558
0.148523003 -0.215171769 0.965216041 21.206144333 0.278567374 0.945619822 0.167938560 -2.731916666 -0.948863149 0.243934989 0.200386152 9.225872040
0.147492707 -0.214768425 0.965463817 21.375307083 0.280691117 0.945094824 0.167356491 -2.750620365 -0.948397875 0.246313244 0.199678227 9.238195419
0.147308290 -0.212491184 0.965995729 21.540220261 0.279685169 0.945739865 0.165385216 -2.769139767 -0.948723555 0.245812058 0.198745966 9.252857208
0.145674199 -0.209891409 0.966811597 21.708137512 0.272273898 0.948004723 0.164783701 -2.790730953 -0.951128721 0.239232838 0.195247829 9.274244308
0.144452333 -0.206542432 0.967715740 21.875808716 0.266430229 0.949974000 0.162985355 -2.810389042 -0.952968240 0.234285161 0.192255124 9.295921326
0.144695848 -0.205380425 0.967926681 22.040777206 0.265451789 0.950419426 0.161983058 -2.826026440 -0.953204334 0.233499601 0.192040309 9.317837715
0.145256296 -0.204993635 0.967924714 22.209554672 0.262820214 0.951147676 0.161999106 -2.835539341 -0.953848124 0.230858788 0.192036629 9.339142799
0.144707307 -0.207381666 0.967498124 22.378044128 0.266535938 0.949816942 0.163726360 -2.844735861 -0.952899992 0.234180644 0.192720085 9.356347084
0.144461617 -0.205897346 0.967851818 22.545677185 0.267748863 0.949757457 0.162083820 -2.853069067 -0.952597201 0.235726386 0.192332283 9.369611740
0.144531503 -0.206590280 0.967693627 22.713460922 0.276309401 0.947485983 0.161007538 -2.865251064 -0.950138807 0.244112208 0.194024369 9.381685257
