1 -1.39592842148e-17 1.1958157545e-19 0 -1.39592842148e-17 1 3.7661120479e-18 0 1.1958157545e-19 3.7661120479e-18 1 0
0.999999851165 -0.000450197214467 0.000308207466767 0.000611420368957 0.000450043816257 0.999999774928 0.000497599446692 -0.000155351333506 -0.000308431415283 -0.000497460665767 0.999999828701 4.21014961868e-05
0.999999739521 -0.000719955010915 -5.12182897719e-05 0.00129035846571 0.000719972248815 0.999999683921 0.000337338959582 0.000742346353928 5.09754047085e-05 -0.000337375747459 0.99999994179 -2.68671548251e-05
0.999999891206 -0.000428457234288 0.000184422233939 0.00173562866231 0.000428362868932 0.999999777479 0.000511416742868 0.00172014078225 -0.000184641313104 -0.000511337687592 0.999999852221 -0.000216755723766
0.999999874854 -0.000496056983425 6.49582028711e-05 0.00195062206462 0.000496048261366 0.999999867961 0.000134219209044 0.0017906591057 -6.502477467e-05 -0.000134186969844 0.999999988883 -0.000835020825746
0.999999940514 -0.000218626101451 0.000266784657914 0.00210257419897 0.000218582540905 0.999999962778 0.000163298036526 0.00180721797447 -0.000266820349197 -0.000163239712343 0.99999995108 -0.00110363965812
0.999999914686 -0.000404309544592 8.46282937688e-05 0.00257114325935 0.000404280714197 0.999999860339 0.000340411198776 0.00270838075007 -8.47659134462e-05 -0.000340376956147 0.999999938479 -0.000934219354662
0.999999942888 -0.000308698173495 0.000137582269166 0.00314766855084 0.000308645932634 0.999999880334 0.000379565970283 0.003629071612 -0.000137699424024 -0.000379523484398 0.9999999185 -0.000994905718393
0.99999992487 -0.000377932762414 8.61732216213e-05 0.00352731904707 0.000377908620222 0.999999889392 0.000280003244822 0.0035866201711 -8.62790344896e-05 -0.000279970658182 0.999999957086 -0.00124199074334
0.999999856779 -0.000490753737083 0.000213546022024 0.00415604610108 0.000490715305873 0.999999863402 0.000179982071 0.00449230140362 -0.000213634319728 -0.000179877254921 0.999999961002 -0.00129025337332
0.999999766869 -0.0006828082856 5.91241011116e-06 0.00455749515051 0.000682806646322 0.999999729634 0.00027296028804 0.00441238153558 -6.09878805895e-06 -0.000272956187372 0.999999962729 -0.00137431717899
0.999999727929 -0.000735996966655 4.94976398905e-05 0.00530223042275 0.00073598310185 0.999999690091 0.000279547707734 0.00526964610923 -4.97033708157e-05 -0.000279511202251 0.999999959702 -0.00131877655262
0.99999962364 -0.000867493002166 -1.3258934426e-05 6.81970145972e-05 0.000867496218127 0.999999593835 0.000244500501315 0.00543201036342 1.30468265668e-05 -0.00024451191137 0.999999970022 -0.00107119326826
0.999999688435 -0.000786048558457 7.25159137574e-05 0.000680513957956 0.000786034928444 0.999999673441 0.000187796336304 0.00636177569729 -7.26635071161e-05 -0.000187739277752 0.999999979737 -0.00122132735607
0.999999886969 -0.000474594303408 2.86665268606e-05 0.00070038473492 0.000474591416827 0.999999882319 0.000100618164852 0.00642707017086 -2.87142762949e-05 -0.000100604548592 0.999999994527 -0.00157580478087
0.999999928181 -0.000354983269132 0.00013275817281 0.000967425294793 0.000354975213984 0.999999935154 6.0693982015e-05 0.00642667915949 -0.000132779709549 -6.06468517952e-05 0.999999989346 -0.00189867213742
0.999999808742 -0.000616396540331 5.07120491517e-05 0.00195195224979 0.00061639241386 0.999999806722 8.13460507919e-05 0.00723866694335 -5.07621807744e-05 -8.13147767114e-05 0.999999995406 -0.00190579997301
0.999999708256 -0.000762079063508 5.21860959936e-05 0.00260363375291 0.000762072278391 0.999999701184 0.000129914396226 0.00711047172064 -5.2285085441e-05 -0.000129874588748 0.999999990199 -0.00205004717896
0.999999570652 -0.000925819363662 -3.94334129672e-05 0.00343437129149 0.000925824102215 0.999999564187 0.00012031766085 0.00796882901675 3.93220033614e-05 -0.000120354117596 0.999999991984 -0.00210465995706
0.999999692863 -0.000783283614747 2.72276065065e-05 0.00373554968103 0.000783282470486 0.999999692352 4.20110470657e-05 0.0079607742764 -2.72605046948e-05 -4.19897072556e-05 0.999999998747 -0.00243028746246
0.999999698659 -0.000774746069355 4.94948995838e-05 0.00427172223306 0.000774744606142 0.999999699448 2.95752439173e-05 0.00889414229396 -4.95177980121e-05 -2.95368890986e-05 0.999999998338 -0.00250601987648
0.999999720522 -0.000747115159296 2.78496163103e-05 0.0046029054322 0.00074711389305 0.999999719878 4.54499496977e-05 0.00883657692516 -2.78835648555e-05 -4.54291301601e-05 0.999999998579 -0.00261769083497
0.99999961156 -0.000881146737142 2.14409296556e-05 0.00513974250311 0.000881144509584 0.999999606417 0.000103681357935 0.00874140040862 -2.15322797071e-05 -0.000103662425104 0.999999994395 -0.00278926982316
0.999999545073 -0.0009537683644 1.34424357819e-05 0.00591910437427 0.000953767334812 0.999999542246 7.63918007705e-05 0.00962313618433 -1.35152897114e-05 -7.63789450617e-05 0.999999996992 -0.00289964943149
0.99999951043 -0.000989086301561 2.91323784126e-05 0.00643273521772 0.000989085556888 0.999999510528 2.55649975018e-05 0.00956475634527 -2.91576501419e-05 -2.55361705712e-05 0.999999999249 -0.00322914178427
0.999999553747 -0.00094472268251 2.12909920206e-06 0.00259749077423 0.000944722678235 0.999999553747 2.0083323459e-06 0.0122518545179 -2.13099556912e-06 -2.00632004134e-06 0.999999999996 -0.00156060017229
0.999999686614 -0.000791168575409 2.86978535989e-05 0.00302254534474 0.000791168158619 0.999999686921 1.45318256033e-05 0.0122071076334 -2.8709341738e-05 -1.45091162212e-05 0.999999999483 -0.00185130476031
0.999999618956 -0.000872904532812 1.12390932015e-05 0.00376495311265 0.000872903962734 0.999999617738 5.06281917872e-05 0.01309516341 -1.12832824834e-05 -5.06183618465e-05 0.999999998655 -0.00194870862657
0.999999682773 -0.000793247681529 7.21885303406e-05 0.00429664673419 0.000793245840128 0.999999685054 2.55332819602e-05 0.0130294383426 -7.22087618219e-05 -2.5476010609e-05 0.999999997068 -0.0022630171579
0.999999666398 -0.000814788715723 5.76506042034e-05 0.00473330548949 0.000814785814445 0.999999666795 5.03307972534e-05 0.0129662928917 -5.76915939596e-05 -5.02838075684e-05 0.999999997072 -0.00247476474432
0.999999688854 -0.000788838837894 -4.98309874031e-06 0.00551407676126 0.000788839008255 0.999999688279 3.42788473344e-05 0.0138486998379 4.9560567009e-06 -3.42827675313e-05 0.9999999994 -0.00259025128082
0.999999756021 -0.000696822345016 4.89639805834e-05 0.00602066404188 0.00069682103197 0.99999975686 2.68285036866e-05 0.0137869649072 -4.89826633792e-05 -2.67943780095e-05 0.999999998441 -0.00289420708697
0.999999748933 -0.000707158811536 4.53822564421e-05 0.00675404084899 0.000707158771684 0.999999749963 8.94188628204e-07 0.0146786962943 -4.53828774282e-05 -8.62095942889e-07 0.99999999897 -0.0029992028421
0.999999726065 -0.000736668325391 7.20455742429e-05 0.00728010072409 0.000736666194364 0.999999728223 2.96009397089e-05 0.0146102874294 -7.20673607372e-05 -2.95478580612e-05 0.999999996967 -0.00329308204287
0.99999972736 -0.000737919902002 2.74572390206e-05 0.00773142536009 0.000737918487615 0.999999726413 5.14868443127e-05 0.0145461514064 -2.74952246758e-05 -5.1466569071e-05 0.999999998298 -0.00351766672643
0.999999703199 -0.000770145687625 2.18436281895e-05 0.00858270681733 0.000770145269789 0.999999703255 1.91304657029e-05 0.0154222736732 -2.18583549532e-05 -1.9113637258e-05 0.999999999578 -0.00368712549617
0.999999727261 -0.000737443667752 4.06788755284e-05 0.00913469955671 0.000737443513716 0.999999728081 3.80150151471e-06 0.0153582417261 -4.06816678603e-05 -3.77150210497e-06 0.999999999165 -0.00403470085924
0.999999743523 -0.000714015032451 5.59991307201e-05 0.00981281253327 0.000714017535343 0.999999744091 -4.4687954394e-05 0.0162475726991 -5.59672085182e-05 4.47279272938e-05 0.999999997434 -0.00406032578357
0.999999803289 -0.000624845625757 5.46786792925e-05 0.0101522010326 0.000624848618011 0.999999803285 -5.47243734695e-05 0.0161779649063 -5.4644474251e-05 5.47585286018e-05 0.999999997008 -0.00412106176122
0.999999799348 -0.000617597629095 0.000140988557662 0.0102567018741 0.000617611143174 0.999999804687 -9.58289033143e-05 0.0167222547578 -0.000140929346422 9.59159601903e-05 0.99999998547 -0.00170344185154
0.999999757994 -0.000690138711953 8.78684972447e-05 0.0109614403933 0.000690148187486 0.999999756032 -0.000107853047725 0.0164518506975 -8.77940422441e-05 0.000107913663908 0.999999990323 -0.00119284432169
0.999999627011 -0.000833456217767 0.00022655713091 0.0117784821169 0.000833516842361 0.999999616812 -0.000267628179166 0.0160275835028 -0.000226333987726 0.000267816918528 0.999999938524 -4.05152140792e-05
0.999999541981 -0.000923108113146 0.000252801879906 0.0122495217395 0.000923206107499 0.999999498654 -0.000387791040705 0.0156059690144 -0.000252443780109 0.000388024251329 0.999999892855 0.00151929729816
0.999999624288 -0.000826809868694 0.000260402107882 0.0128988488263 0.000826920598446 0.999999567616 -0.000425405800581 0.0158914045956 -0.000260050265574 0.000425620972617 0.99999987561 0.00458361829122
0.999999651545 -0.000815594274747 0.000178090168299 0.013350167906 0.000815655187791 0.999999608792 -0.00034223052425 0.0150935261891 -0.000177810977372 0.000342375665168 0.999999925581 0.00807083348427
0.999999476266 -0.000992510247423 0.000249784164233 0.0142824253447 0.000992599285281 0.999999443796 -0.000356588010727 0.0150910463778 -0.000249430108047 0.000356835759552 0.999999905226 0.0122474529828
0.999999198912 -0.00121847987705 0.000342757431509 0.0151016055573 0.00121861031618 0.999999185063 -0.000380607067635 0.0139819111172 -0.000342293390131 0.000381024450478 0.999999868828 0.0168617367264
0.999999079553 -0.00131864537938 0.000319479699058 0.0158258823767 0.00131876131032 0.999999064573 -0.000362935698742 0.0140478358352 -0.000319000816726 0.000363356682145 0.999999883105 0.0209453187777
0.999998937975 -0.00143428721093 0.000258590407197 0.0163163270074 0.00143436209169 0.999998929362 -0.000289620299543 0.0127900692994 -0.000258174731648 0.000289990904236 0.999999924626 0.0267113784469
0.999999026606 -0.00137475419489 0.000238408201371 0.0169472497757 0.00137483520203 0.99999899713 -0.000339952997982 0.0123728730973 -0.000237940610469 0.000340280439062 0.999999913797 0.0333524999508
0.999998699942 -0.00158624419418 0.000289729621331 0.0175004866771 0.0015863796774 0.999998632192 -0.000467989805148 0.0107861268982 -0.000288986878925 0.000468448817917 0.999999848521 0.0407063932147
0.999998564745 -0.00166168703179 0.00033061093799 0.0182027468621 0.00166189688767 0.999998417123 -0.000635492847954 0.0103710122817 -0.000329554424449 0.000636041377149 0.999999743423 0.0472501991667
0.999998301402 -0.00181344264401 0.000329574481714 0.0175916776005 0.00181371325532 0.999998016838 -0.000822657421829 0.0081657997095 -0.000328081986064 0.00082325377807 0.999999607308 0.0591490793192
0.999998072063 -0.00194233138937 0.000288476888309 0.0184760388239 0.00194259157147 0.999997704204 -0.000904391694201 0.0066730222702 -0.000286719597649 0.000904950343362 0.999999549428 0.0709229489225
0.999997706511 -0.00211461939631 0.000339644570205 0.0194447492488 0.00211489586482 0.999997430915 -0.000815707600805 0.00479772761935 -0.000337918786514 0.000816424042885 0.999999609631 0.084529252613
0.99999730794 -0.00227587271912 0.000452233725353 0.0202008269636 0.0022761934288 0.999997157472 -0.000709923308619 0.0034192963904 -0.000450616744775 0.000710950768897 0.999999645747 0.0958807305246
0.999997032779 -0.00235535343931 0.000621887321998 0.0210529126769 0.00235563658717 0.999997121987 -0.000454964896095 0.00100194312981 -0.000620813929066 0.000456428486642 0.999999703132 0.112371030164
0.999996579883 -0.00252666390036 0.000675419721718 0.0218588258434 0.00252683507085 0.99999677562 -0.000252695231583 -0.00169262184519 -0.000674779067988 0.000254401041576 0.999999739977 0.130319822105
0.999996765558 -0.00233818123103 0.00100089037502 0.0226739230608 0.00233832180545 0.999997256419 -0.000139302211318 -0.00470182928805 -0.00100056191518 0.000141642164542 0.999999489407 0.149849132285
0.999996861324 -0.00211367111813 0.00134526415127 0.0232046382992 0.00211393090187 0.999997747268 -0.000191717239235 -0.009002980612 -0.00134485589356 0.000194560432958 0.999999076754 0.170961808541
0.99999649694 -0.00207395482537 0.0016446334205 0.0234409481283 0.00207459818963 0.999997772132 -0.00038958063031 -0.0124394772993 -0.00164382178385 0.000392991219103 0.999998571703 0.18805859046
0.99999711817 -0.00146147920277 0.00190466025286 0.0233740786925 0.00146238920044 0.999998817197 -0.000476469202733 -0.0173283787676 -0.00190396165019 0.000479253184214 0.999998072621 0.212871471847
0.999996989465 -0.00075158310966 0.00233584760942 0.0234019416677 0.000752403198638 0.999999655614 -0.000350229472258 -0.0217175205144 -0.00233558357844 0.000351985917093 0.999997210574 0.240339118705
0.999996090997 -0.000284801037832 0.00278152453572 0.0238329369291 0.000285162987338 0.999999950926 -0.00012973057594 -0.0266722821154 -0.00278148745182 0.000130523256669 0.999996123138 0.270177681362
0.999994724379 -0.000188588104679 0.0032427840085 0.024498159358 0.000188335446183 0.999999979206 7.82192586437e-05 -0.0304786547586 -0.00324279869229 -7.76081148154e-05 0.999994739103 0.293921933617
0.999993629537 -0.000353080341378 0.00355193194439 0.0418901202373 0.000351467674438 0.999999834887 0.000454639243767 -0.0296819865072 -0.0035520918821 -0.000453387958245 0.999993588521 0.32171635668
0.999992823492 -0.00035352220583 0.00377200032208 0.0422760096138 0.000351126055488 0.999999736177 0.000635889907021 -0.0356232630663 -0.00377222412814 -0.000634560895957 0.999992683802 0.356600288804
0.999992520802 -0.000259093256004 0.00385891307523 0.0426615691767 0.000255985416352 0.999999642548 0.000805838728016 -0.0409266336783 -0.00385912048323 -0.000804844875519 0.999992229677 0.393555782964
0.999992767824 -0.00019257416982 0.00379831737093 0.0425522086304 0.000189064054923 0.999999554813 0.000924461062068 -0.0456044580861 -0.00379849370729 -0.000923736250919 0.999992359049 0.42265074229
0.999991300407 0.000415706936774 0.00415045749991 0.042122036163 -0.000419446447504 0.99999950689 0.000900157803184 -0.0515436738878 -0.00415008125143 -0.000901890866832 0.999990981669 0.463815104419
0.999989492252 0.000839335197467 0.00450676186787 0.0418443036753 -0.000843440694623 0.999999231035 0.000909140538774 -0.0581679343584 -0.00450599532867 -0.000912932172114 0.999989431225 0.50825949004
0.999985418142 0.00127673053632 0.00524723378982 0.0429041660677 -0.00128144616188 0.999998778055 0.000895424136282 -0.0648488154542 -0.00524608416265 -0.000902135126935 0.999985832276 0.556661292021
0.999983512593 0.000936521817735 0.00566546277454 0.0465741873888 -0.00094405699469 0.99999867326 0.00132749163186 -0.071937136195 -0.00566421203307 -0.00133281826473 0.999983070005 0.609247168511
0.999975422816 0.000767458499698 0.00696884295806 0.0509200136131 -0.000774940221082 0.999999126257 0.0010709591452 -0.0789827131958 -0.00696801495239 -0.00107633326075 0.999975143828 0.650198406068
0.999957100963 -0.00108399504546 0.00919897753499 0.0592337924242 0.00107067631307 0.999998371728 0.00145265039398 -0.0879183063713 -0.00920053722238 -0.00144273894933 0.999956633369 0.706480073583
0.999930413259 -0.00451772026205 0.0108976531234 0.0663326149236 0.00449685644439 0.999988010627 0.00193826820998 -0.0986290674104 -0.010906279021 -0.00188912815054 0.99993874026 0.762623466022
0.999914376993 -0.00275243102631 0.0127930765258 0.0666426568949 0.00274632677119 0.999996106475 0.000494696268896 -0.111569130057 -0.0127943883329 -0.000459519942965 0.999918042876 0.817110082668
0.999887526773 0.00313686533991 0.0146660792079 0.0618111669247 -0.00313154824398 0.999995022387 -0.000385494792642 -0.122516294631 -0.014667215451 0.000339523900209 0.999892372965 0.857173443629
0.999788860408 0.0120833151104 0.0166201113238 0.0621043005273 -0.0120458122886 0.999924673974 -0.00235473642597 -0.124880701602 -0.0166473124191 0.00215403650666 0.999859103632 0.91116292879
0.999605305149 0.0205190606506 0.0191885921457 0.0575010862091 -0.0204514660588 0.999783954878 -0.00371229096329 -0.137481662547 -0.0192606192674 0.00331839090018 0.999808990171 0.964612837928
0.99947283669 0.0239363810825 0.0219339549491 0.060421079307 -0.0238391532881 0.999704835794 -0.00468359484627 -0.149880185958 -0.0220395891418 0.00415823891266 0.999748451141 1.01848317179
0.999460928396 0.0224665319897 0.0239396647849 0.0678741607337 -0.0223675006421 0.999740149027 -0.00439651443664 -0.157806237702 -0.0240322184719 0.0038586739331 0.99970373767 1.06010857999
0.999506520132 0.0176665695404 0.0259732272438 0.0818499945262 -0.0175736054927 0.999838339124 -0.00380315754086 -0.168239582161 -0.0260362171363 0.00334483751022 0.999655404357 1.11707918796
0.999507144103 0.0135083106083 0.0283371563938 0.097173195987 -0.0134336106339 0.999905774748 -0.00282484182689 -0.178318144985 -0.0283726451589 0.00244277926147 0.999594430675 1.17591416589
0.999465815516 0.00983284036971 0.0311672723542 0.112864786975 -0.00976192298499 0.999949406639 -0.00242673068129 -0.187830386134 -0.0311895571525 0.00212118184704 0.999511236611 1.23673429429
0.999399715575 0.00656263752629 0.034016764947 0.127687376938 -0.00651330130561 0.999977569901 -0.00156096129318 -0.19762102402 -0.0340262459708 0.00133846283288 0.999420043376 1.30001989052
0.999327150446 0.00522721904188 0.0363032031909 0.137879913669 -0.00518151043029 0.9999856605 -0.00135304955333 -0.206507028232 -0.0363097553076 0.00116403372855 0.999339905485 1.34846710859
0.999145717907 0.00498928064877 0.0410236695928 0.15221549424 -0.00494278524059 0.999987022073 -0.00123473085381 -0.218746908032 -0.0410292976093 0.00103090485678 0.999157412009 1.41413884079
0.998940651683 0.00337900817374 0.0458928830902 0.168981521919 -0.00330310446598 0.999993048854 -0.00172966596539 -0.233697098541 -0.0458984086375 0.00157624465957 0.998944869118 1.4799683896
0.998600837028 0.00273224673768 0.0528100664211 0.187052207112 -0.00261692896341 0.999994038591 -0.00225265757831 -0.248113467221 -0.052815906415 0.00211130555086 0.998602034055 1.54680855182
0.998431035998 0.00123404302976 0.0559816353213 0.199688702953 -0.00109336417403 0.999996167561 -0.00254350510761 -0.259081236906 -0.0559845595699 0.00247830612519 0.998428558831 1.59751565257
0.998138648985 0.0034100224323 0.0608901400065 0.213003202844 -0.00325895223577 0.999991360944 -0.00258016800738 -0.272788554376 -0.060898412404 0.00237692735113 0.99814113911 1.66655473115
0.997777481328 0.00888040311454 0.0660396562261 0.223564497285 -0.00873897055644 0.999958861408 -0.00243020277853 -0.279528775982 -0.066058520628 0.00184768299616 0.997814039749 1.73548739953
0.997402765551 0.0126889355087 0.0708993243064 0.23800878657 -0.0125884803852 0.999919025434 -0.00186352801835 -0.291573250778 -0.0709172294512 0.000966173245824 0.997481735711 1.81063473744
0.997094018422 0.0147195574711 0.0747452543987 0.252280363311 -0.0146228627788 0.999891385805 -0.00184078187109 -0.302096996944 -0.0747642314976 0.00074244299444 0.997200961926 1.86770292891
0.99658245136 0.0147617570636 0.0812742774144 0.279240576865 -0.0145534073851 0.999889114863 -0.00315536237071 -0.317326872846 -0.0813118439978 0.00196176109719 0.996686779043 1.94373894908
0.996100564634 0.00583388145683 0.088031988294 0.315962009192 -0.00550740668658 0.999977028675 -0.00395102441069 -0.335874121293 -0.0880530158906 0.00345078968541 0.996109812442 2.0193841419
0.99551620506 -0.00581716685782 0.094412107447 0.355435521136 0.00631683446167 0.999967576207 -0.00499441057747 -0.357082143093 -0.0943799929286 0.00556840231851 0.995520672729 2.09454528078
0.995018549171 -0.010350482286 0.0991511690434 0.383161303976 0.0110275800944 0.999919452963 -0.0062833163445 -0.371947398663 -0.099078147356 0.00734541377117 0.995052544147 2.15191103227
0.994377757713 -0.0156852087536 0.104722725293 0.417242357126 0.0164106423563 0.999846916852 -0.00606907559552 -0.391656815626 -0.10461149929 0.0077535209734 0.994482939587 2.2313491352
0.993658773153 -0.0173746426605 0.111087192455 0.448269467386 0.0180379509022 0.999824956501 -0.00496877101002 -0.407286017509 -0.110981416744 0.00694104822927 0.993798242596 2.31505427521
0.992787251281 -0.013738844253 0.119099613148 0.475896325459 0.014119363699 0.99989755127 -0.0023517083162 -0.422636902795 -0.11905510179 0.00401635678952 0.992879525227 2.40148784054
0.991431154979 -0.00946933753455 0.130286594025 0.504410715232 0.00969562031695 0.999952388482 -0.0011025951299 -0.437301760352 -0.130269950037 0.00235635651117 0.991475762538 2.48866947205
0.990501480355 -0.00700736536031 0.137323392929 0.526631694955 0.00703167468139 0.99997523001 0.000308087396791 -0.449381996277 -0.137322150311 0.000660452402625 0.990526219157 2.55453757827
0.989702363977 -0.00857897344501 0.14288328087 0.558765851281 0.00831155927269 0.999962411992 0.0024683162076 -0.466836601927 -0.142899085791 -0.00125531552768 0.989736467684 2.64083208816
0.988960063415 -0.0103166131441 0.147822733241 0.596704229124 0.0101846262576 0.999946774386 0.00164978282467 -0.490371090021 -0.147831885456 -0.000126050036471 0.989012496258 2.71903336761
0.98726084752 -0.0174513307273 0.158150150207 0.649513033898 0.017820463503 0.999840783174 -0.000916178196423 -0.513488840188 -0.158108981513 0.00372281584244 0.987414649783 2.79822953598
0.985577064861 -0.0294099314066 0.166652048159 0.692541450594 0.0299040679019 0.999552669356 -0.000455968155798 -0.531464054409 -0.166564089599 0.00543296592079 0.986015662623 2.85801055364
0.983852535368 -0.0391936727863 0.174636893765 0.743442098332 0.0404136061138 0.999177137379 -0.00343345010043 -0.553488962369 -0.174358622073 0.0104357152239 0.984626917546 2.93929774172
0.982380468938 -0.0363758479459 0.183317789468 0.784051021188 0.037448209793 0.999295711319 -0.00239017201024 -0.573996489065 -0.18310173629 0.00921298133906 0.983050799879 3.02542862261
0.981364134088 -0.0316457966827 0.18953358509 0.822783020509 0.0331273766209 0.999440305772 -0.00465318354405 -0.596458953281 -0.189280250536 0.010845217895 0.981863212472 3.11313591651
0.980075903273 -0.0276270009631 0.196692584103 0.856391379163 0.0298226033896 0.999521498504 -0.00820891931728 -0.613426688025 -0.196371678585 0.0139112489402 0.980430844579 3.1792797133
0.977826727074 -0.0241525435375 0.208018139739 0.911559597856 0.0270853177121 0.999569689462 -0.0112615040671 -0.634822163656 -0.207656633374 0.0166460370686 0.978060137244 3.26808588389
0.974654002324 -0.0345637967567 0.221031490309 0.978978340214 0.0369329300737 0.999295994604 -0.00659346980196 -0.653228694842 -0.220647987597 0.0145896923074 0.975244382936 3.35865824722
0.971355589385 -0.048482879802 0.232632176056 1.04865673804 0.0503058984937 0.998732037076 -0.00190648765987 -0.672169790123 -0.23224477507 0.0135546480796 0.972562921342 3.44918602225
0.967887368215 -0.0544368388735 0.245419381921 1.11107130076 0.0555732696478 0.998451967907 0.00229771256423 -0.693869567358 -0.245164545051 0.0114148305216 0.969414280633 3.54131288671
0.965951726065 -0.0509930194591 0.253647343527 1.15232484353 0.0511775741628 0.998672287081 0.00587528041597 -0.712419114064 -0.253610170961 0.00730581847563 0.967278918514 3.61145660435
0.962998729875 -0.0464711109439 0.265469173554 1.20837114258 0.0458897989134 0.998911229836 0.00839531191953 -0.737854643429 -0.26557027811 0.00409765227669 0.964082795527 3.70373768085
0.959048991225 -0.0459462550097 0.279488772729 1.28260235435 0.0449597288996 0.998939317912 0.00994293246898 -0.759571694111 -0.279649164505 0.00302998009821 0.960097476308 3.78687538244
0.954092282029 -0.0492425101728 0.295437121168 1.35319900019 0.0479674190624 0.998781929094 0.0115665390118 -0.785444860707 -0.295646823221 0.00313581059669 0.9552921661 3.87426647632
0.950294214755 -0.0513876497265 0.307083400494 1.40816808278 0.0504358095251 0.998666282403 0.0110401770337 -0.805236513659 -0.30724116671 0.00499658353069 0.951618568352 3.93930716991
0.945517368459 -0.0515458272667 0.321465291492 1.4821115317 0.0513963743708 0.998638162312 0.00895731405318 -0.832051495344 -0.321489220106 0.00805285445672 0.946878995908 4.02739133958
0.941633830117 -0.0546409285209 0.332174801737 1.56047453392 0.0558840297893 0.998420320126 0.00581717915633 -0.859967180473 -0.331967927958 0.0130856138261 0.943199905385 4.11566737671
0.936951236355 -0.0612265273775 0.344054782029 1.64709382087 0.0641676658087 0.997935082246 0.00284293627576 -0.889245362583 -0.343518400317 0.0194134996147 0.938945272461 4.20079231774
0.931030521216 -0.0703973556977 0.358087113528 1.74090925792 0.0746894996658 0.997205122717 0.00184982899193 -0.91883583719 -0.357216527058 0.0250231000956 0.933686348437 4.28404125274
0.926608915641 -0.0793967700345 0.367548731956 1.81340924817 0.0844377242392 0.996425932435 0.00237316154743 -0.940277117863 -0.366423509316 0.0288359858253 0.930001235344 4.34669731811
0.921757528139 -0.0928420912871 0.376488254006 1.90740433584 0.0977780709949 0.995190014004 0.00602369151628 -0.96827458858 -0.375236602894 0.0312599122266 0.92640180793 4.43226549424
0.918162547651 -0.0997771091665 0.38343456362 1.99732726631 0.104270164923 0.99450730887 0.00910743158113 -0.997135358917 -0.382237189188 0.0316186826029 0.923523139998 4.51655825066
0.91182706407 -0.105959900326 0.396665986382 2.08862083515 0.110662885037 0.993796178164 0.0110852217443 -1.02484866403 -0.395379730266 0.0337883972515 0.917896079688 4.59867711893
0.906569103451 -0.106738376492 0.408337335608 2.15703298245 0.111834693501 0.993660845615 0.0114509921438 -1.0449833591 -0.406971082508 0.0352851650914 0.912759275563 4.65969634016
0.898461347977 -0.105245210468 0.426251864354 2.24711750763 0.11142097925 0.993717801243 0.0105022319016 -1.07052902177 -0.424679375028 0.0380575507024 0.904543559625 4.74291683022
0.891538427595 -0.102915088859 0.441098307191 2.34041839905 0.109764396434 0.993906920142 0.0100404865052 -1.09017967038 -0.439443977541 0.0394654099058 0.897402625372 4.8294905614
0.885868862661 -0.100161325476 0.452994555206 2.43089981787 0.107020237635 0.994200973551 0.010540062899 -1.11245761508 -0.45142333447 0.0391424714128 0.891450974551 4.91689042797
0.881005468681 -0.100474844983 0.462313929791 2.50244404517 0.107111495566 0.994175220804 0.0119481319681 -1.13064552912 -0.460821539938 0.0389927668367 0.886635817268 4.98014583718
0.874185872468 -0.106322837452 0.473808521044 2.60638799404 0.113863600003 0.993413391981 0.0128418544966 -1.15561806696 -0.472053112448 0.0427233761412 0.880534253825 5.05950185876
0.865663801149 -0.123319555889 0.485199413144 2.71851749973 0.131573667351 0.991157698321 0.0171693657022 -1.18173157711 -0.483026452112 0.0489765678067 0.874234946891 5.13467220233
0.857396005932 -0.136022585538 0.496356671393 2.82892123933 0.145029386624 0.989213597394 0.0205654016993 -1.20956053236 -0.49380012761 0.0543536103212 0.867875059566 5.21002354927
0.851981429232 -0.135970263175 0.505608278983 2.90662332842 0.145618429281 0.989125844789 0.0206236811416 -1.23224016524 -0.502914423434 0.0560548900819 0.862516627086 5.26731779451
0.844301336688 -0.136618468372 0.518160831178 3.01000412369 0.147895548905 0.988806263142 0.0197251257546 -1.26396521772 -0.515055491652 0.0599797305072 0.855055713066 5.3444309258
0.837438949037 -0.140603964803 0.52813495597 3.11788990211 0.153104915337 0.988002196934 0.0202618792974 -1.29174154726 -0.52464739734 0.063891970816 0.848918679574 5.42257915621
0.827856766555 -0.145389672829 0.541770262292 3.23055945421 0.157997518497 0.987160184398 0.0234851972106 -1.31651305787 -0.538228537164 0.0661559776128 0.84019844585 5.50090012365
0.818895850817 -0.148522267058 0.554392209273 3.34466211678 0.162105717457 0.986461033837 0.0248267011339 -1.3425399099 -0.550573629847 0.0695396642887 0.831885156261 5.57853002964
0.811242388481 -0.150405373122 0.565034521837 3.43015517136 0.165304772225 0.985922923583 0.0251061951017 -1.36421957023 -0.560856594337 0.0730356932515 0.824685193331 5.63718268774
0.803942258489 -0.150739644652 0.575286367425 3.5448488542 0.165931983273 0.985783323026 0.0264162255347 -1.39305939621 -0.571089679422 0.0742212878797 0.817525399289 5.71772740326
0.795575258755 -0.154502274342 0.585823399055 3.66476497131 0.170864212137 0.984904783638 0.0277125996098 -1.42069529754 -0.581261927764 0.0780487949253 0.809964787471 5.79642514955
0.786042131263 -0.162817622546 0.596345696444 3.79096043933 0.179571454393 0.983232285874 0.0317547600065 -1.45757426859 -0.591516576815 0.0821260847982 0.802099398796 5.88775158732
0.778211681325 -0.168095866797 0.605087066971 3.8867920671 0.185232375552 0.982085524703 0.0345975319457 -1.47721573558 -0.600062951778 0.0851575113258 0.795407224111 5.94470962219
0.767853403342 -0.171038096323 0.617371136823 4.01488265437 0.187560462334 0.98149284771 0.0386375835676 -1.50336590028 -0.612553853914 0.086126415815 0.785722607893 6.02184189792
0.758708245369 -0.176582308433 0.627041056676 4.14469941701 0.19138154186 0.980503996214 0.0445535502996 -1.52711450239 -0.622683630622 0.0862009382637 0.777711060998 6.10061998539
0.749475535976 -0.181209492757 0.63674919765 4.27397870106 0.197210743604 0.979254966812 0.0465578412389 -1.55418184258 -0.631976537207 0.0906798197414 0.769664099924 6.17564784396
0.741344258954 -0.182611043907 0.645803295407 4.37200046745 0.198041857627 0.978944326464 0.0494714898876 -1.57601803287 -0.641239512462 0.0912206792738 0.761899386619 6.23044785234
0.731227107838 -0.186557589993 0.65612741322 4.50467500744 0.205170408436 0.977485046441 0.0492756277102 -1.60389247072 -0.650547477334 0.0985862546188 0.753039660399 6.30013020437
0.720257314522 -0.187741543094 0.66781922245 4.63699889808 0.205263496577 0.977251589665 0.0533500465734 -1.63072165165 -0.662643416816 0.098653147407 0.742409091173 6.37024962465
0.708103969509 -0.189767331843 0.680130228803 4.77087593333 0.207675486837 0.976578341648 0.0562639741785 -1.65667531609 -0.674877515208 0.101405632923 0.730929023283 6.43934886571
0.6992727861 -0.195845306985 0.687504317333 4.90818264483 0.213919707244 0.974996982969 0.0601601367587 -1.67925635203 -0.68209671563 0.105002375849 0.723684027455 6.50840744055
0.691408553726 -0.198244294429 0.694732618754 5.01100685906 0.215787966605 0.974387007429 0.0632891240455 -1.69713771131 -0.689485145092 0.106156297413 0.716478244761 6.55855167294
0.679809960097 -0.199845651452 0.70563456105 5.14869889778 0.215964058223 0.974044303695 0.0678028022627 -1.72089105952 -0.70086941987 0.106298683126 0.705324497133 6.62247561369
0.668740308006 -0.204556687704 0.714802743394 5.28788037167 0.22233254763 0.972434660181 0.0702785169446 -1.74612018683 -0.709474903511 0.111925837924 0.695785863677 6.68145693079
0.657449018968 -0.208458022702 0.724089801219 5.42692061045 0.22750272429 0.971038300116 0.0729871916778 -1.77675222685 -0.718333695367 0.116747044842 0.685832945856 6.75734565047
0.649983089902 -0.212635323763 0.729594546258 5.53192346211 0.233284135182 0.969532475297 0.0747348086036 -1.79415397797 -0.723256866621 0.121626470938 0.679784161667 6.80241345822
0.642115532711 -0.2136505303 0.736234401229 5.66949992352 0.23298683302 0.969339201775 0.0780938380557 -1.81755562451 -0.73034565672 0.121387655079 0.672205518353 6.86469890163
0.632050893239 -0.213827982777 0.744841769866 5.80958357141 0.234232509484 0.968933053674 0.0793969079881 -1.84061624574 -0.738679091254 0.12428327031 0.662500467068 6.92220925778
0.619261677607 -0.219367280056 0.753918411427 5.95366502615 0.240727462753 0.966982990232 0.0836312458249 -1.86261771817 -0.747372238797 0.129699240715 0.651623237487 6.97479660114
0.610068891681 -0.224343842477 0.759924856644 6.06185397078 0.246499315915 0.965224476254 0.0870620335909 -1.87864517004 -0.753029902897 0.134207118969 0.644154030152 7.01433458638
0.600901338219 -0.227888440381 0.766149098066 6.20297966428 0.24970402244 0.964045662996 0.0909057799973 -1.90163205813 -0.759319091624 0.136685106723 0.636200989229 7.07020437958
0.592705230216 -0.227420104881 0.772645200574 6.34088567209 0.248566995053 0.964129809931 0.093102946104 -1.92647184685 -0.766103752141 0.136871492645 0.627973913038 7.12876784927
0.583957758165 -0.224500383289 0.780123653392 6.47787259279 0.244410609971 0.965030598918 0.0947596796367 -1.95139057601 -0.774116780862 0.135334847893 0.618407380723 7.18884874973
0.575493768482 -0.223670508245 0.786624704786 6.61693399275 0.239543471461 0.965787584427 0.0993643147541 -1.97282461231 -0.781937240268 0.131247268571 0.609383546524 7.24997063505
0.567174452536 -0.223484354141 0.79269659003 6.72358365964 0.236520377365 0.966135536212 0.103151523301 -1.98716074834 -0.788905096625 0.128983987853 0.600825997603 7.29342162389
0.556912326961 -0.22799866497 0.798664678605 6.86772045798 0.238782921608 0.964940429562 0.10896184536 -2.00746890348 -0.795506993324 0.130025290492 0.59182940735 7.34797206963
0.547406026217 -0.229148421186 0.804883621109 7.01272327715 0.237411636029 0.964789920231 0.113208325218 -2.02853691402 -0.802485113594 0.129117817858 0.582534317935 7.40001476292
0.538466631075 -0.229801859458 0.810706354119 7.12987307585 0.237852772314 0.964422311219 0.115393519424 -2.05233838027 -0.808380941092 0.130693194208 0.57396824221 7.4732770884
0.531251601967 -0.235426236923 0.813846559479 7.24282034297 0.245374923555 0.962199213215 0.118168612494 -2.06792537133 -0.81090251097 0.136920272628 0.56893756832 7.50479861892
0.521554165723 -0.238818787821 0.819113446844 7.39354168767 0.250078247639 0.960653573789 0.120853552798 -2.08820716204 -0.815746359032 0.1418107815 0.560756257188 7.54590760726
0.510842449482 -0.243778376473 0.8243858896 7.54517823923 0.25713737847 0.958378272833 0.124062301911 -2.10745476283 -0.820317231564 0.148604136302 0.552264837078 7.58596977954
0.501654669777 -0.24590792254 0.82938042292 7.69516347788 0.259566556702 0.957357626276 0.126852583942 -2.12965046546 -0.825207728353 0.151643229465 0.544092396587 7.62705989809
0.493148552369 -0.24407164723 0.83500511155 7.80643295379 0.258350223885 0.957622847178 0.127332809526 -2.14696991311 -0.830698300898 0.152929766827 0.535306285507 7.65879018038
0.483019665613 -0.24376092538 0.840995014188 7.95513430685 0.257496715578 0.95754176458 0.129650339574 -2.16928276013 -0.836891536639 0.153929790303 0.525279140609 7.70203476701
0.473694562861 -0.244649251686 0.846026125345 8.10495328149 0.258298429697 0.956988903626 0.132114191338 -2.18992263088 -0.841959252181 0.155945445545 0.516512957903 7.74605300516
0.465229135663 -0.245601724151 0.850436149528 8.25596671181 0.258462876665 0.956561588234 0.134858701243 -2.21030451521 -0.846616083426 0.157065976611 0.508499249041 7.78731314461
0.455010821883 -0.246888178933 0.855576635418 8.4086898379 0.259577490383 0.955844081798 0.137773792058 -2.23094863017 -0.851812584115 0.159399869495 0.499006015143 7.82252187269
0.446869269635 -0.248121804135 0.859501847682 8.5232522833 0.261647765532 0.955005951687 0.139657004963 -2.24653181471 -0.855481328054 0.162478314109 0.491683327759 7.84676126322
0.436805365528 -0.252388666609 0.863424017279 8.67882298341 0.266739544714 0.95300582435 0.143631173638 -2.26426406548 -0.859098997748 0.167570461962 0.483600095478 7.87967018285
0.428793075603 -0.257614378691 0.865893371153 8.83509767999 0.272814435626 0.950656090068 0.147733821891 -2.27923631008 -0.861225163374 0.172880971504 0.477915670033 7.91365510317
0.419868597322 -0.258766779342 0.869913854869 8.98775320446 0.269428739997 0.950822035989 0.152792702513 -2.28540485766 -0.866670938157 0.170226936138 0.468939521864 7.94989247047
0.413040372774 -0.25644641402 0.87386090838 9.10221091782 0.268939869694 0.951088662661 0.151992441416 -2.30032010302 -0.870097119262 0.172237024169 0.461806680936 7.97617857271
0.403014618096 -0.258386038651 0.877961202236 9.25811193719 0.271314112439 0.949924572447 0.155022446933 -2.31933058971 -0.874052555624 0.175726952093 0.452937267528 8.00985382427
0.393772462686 -0.259059675047 0.881947465779 9.41417770712 0.273908310046 0.948946377997 0.15644490843 -2.33677912086 -0.877449420376 0.179969043034 0.444627550015 8.04072533729
0.385614543304 -0.262036058414 0.884668597885 9.57009725696 0.276472585635 0.947581967715 0.160160306738 -2.35501509706 -0.880263786251 0.182826471149 0.437847174322 8.07575822425
0.382224150466 -0.262028532444 0.886140929529 9.6863797175 0.273385765421 0.948091753462 0.162426137929 -2.36981070424 -0.882703190243 0.180175123707 0.434018435935 8.10451756981
0.374722544921 -0.261076775871 0.889618981041 9.84038556954 0.273143778213 0.948034259247 0.163167152692 -2.39105597149 -0.885988425856 0.181851478947 0.426561307263 8.14120715769
0.367954552652 -0.259374750182 0.892935712216 9.9949773355 0.270692191254 0.948594048749 0.163997159343 -2.41215769337 -0.889570224758 0.181367223186 0.419250218339 8.17645785909
0.358743288874 -0.258941139726 0.8968013932 10.1504003695 0.272479908334 0.947957953046 0.164713140977 -2.43386833936 -0.892781021439 0.185270627498 0.410629811807 8.20847957512
0.352110713641 -0.259675746829 0.899214408163 10.306702791 0.275837357001 0.94686247519 0.165424319735 -2.45478517797 -0.894389064011 0.189789250449 0.405028693541 8.24071405444
0.347895259438 -0.260090006264 0.900734187817 10.42430019 0.275514459576 0.946689340423 0.166946324589 -2.46837210922 -0.896136524769 0.190085458073 0.401007291211 8.2670576849
0.340898316017 -0.260711640944 0.903226316275 10.5813586948 0.272584133065 0.946914585629 0.170442535547 -2.48612127005 -0.899714526135 0.188101589037 0.39386744428 8.30354069504
0.335627782965 -0.262672129881 0.904631053793 10.7381669251 0.273097857876 0.946224391038 0.173427108112 -2.50601547684 -0.901538435856 0.188845847157 0.389314390545 8.34058306892
0.330064457963 -0.260051834493 0.907430711937 10.8926785744 0.268651503793 0.947428706723 0.173796476337 -2.52648537455 -0.904921998351 0.186418585592 0.382575858944 8.37803328924
0.324866475182 -0.259510829722 0.909459126382 11.0210200299 0.26446696998 0.948182139446 0.176090466026 -2.52831794069 -0.908030283136 0.183316010464 0.376664632286 8.40601927096
0.319843107852 -0.264260247809 0.909871918342 11.180061319 0.266323390836 0.94667390379 0.18132945535 -2.54502677124 -0.909270167691 0.184323197975 0.37316580877 8.44012576922
0.314358237149 -0.265217468704 0.91150347944 11.3372233814 0.266580779655 0.946206940877 0.183376969534 -2.56404258714 -0.911105694558 0.185343247331 0.368149825497 8.47229423494
0.311142765645 -0.264519299794 0.912808698153 11.4935981603 0.269147184884 0.945687454745 0.182304774505 -2.58639246606 -0.911454865726 0.188957079715 0.365438434992 8.50109387669
0.30724770255 -0.263567859799 0.914401898816 11.6120523731 0.268966111689 0.945753477592 0.182229499219 -2.60201974849 -0.912828614823 0.189953528274 0.361471405585 8.52082240925
0.300259795147 -0.261353279089 0.917354085906 11.7696883998 0.272375842173 0.945179795447 0.180129272692 -2.62447064473 -0.914141923346 0.195779513201 0.354985811254 8.54330065044
0.292275006398 -0.261198061471 0.919973311199 11.9289819029 0.273099110227 0.944716495273 0.181459691258 -2.64382690515 -0.916510881893 0.198207760298 0.347449977882 8.56930038645
0.287620811665 -0.261708420507 0.921294182839 12.0895768196 0.274134873689 0.94419087738 0.182629839018 -2.6629539487 -0.917673329527 0.200030721911 0.343312351318 8.59785563281
0.283195269602 -0.262723187619 0.922375718437 12.2107344084 0.270831047656 0.944510942377 0.185875289795 -2.67696627414 -0.920027707681 0.197168979351 0.338634627115 8.62202051701
0.278329745994 -0.260491407783 0.924487306006 12.3711688509 0.264849051395 0.946019309738 0.186821962248 -2.69853852427 -0.92324835904 0.192851476724 0.332296216433 8.65254433706
0.27242191623 -0.261758630195 0.92588807049 12.5330845667 0.269811103517 0.944457396193 0.187622480515 -2.72344080613 -0.923573639715 0.198702406363 0.327916278537 8.67691929334
0.266241540368 -0.256664387237 0.929106471028 12.6934740549 0.267969856005 0.945608812919 0.184434620403 -2.75247583162 -0.925909065975 0.199868369822 0.320538665827 8.69756648578
