1.000000000 0.000000000 0.000000000 0.000000000 0.000000000 1.000000000 0.000000000 0.000000000 0.000000000 0.000000000 1.000000000 0.000000000
1.000000000 -0.000068525 -0.000025953 0.000101253 0.000068524 1.000000000 -0.000037411 0.000029391 0.000025955 0.000037409 1.000000000 -0.000087854
1.000000000 -0.000046170 0.000021559 0.000084295 0.000046170 1.000000000 0.000005862 -0.000069076 -0.000021559 -0.000005861 1.000000000 -0.000028185
1.000000000 -0.000029397 0.000000169 0.000073695 0.000029397 1.000000000 0.000019448 -0.000038779 -0.000000169 -0.000019448 1.000000000 -0.000002027
1.000000000 -0.000026457 -0.000012805 0.000074317 0.000026457 1.000000000 -0.000001552 0.000047530 0.000012805 0.000001552 1.000000000 0.000022605
1.000000000 -0.000013761 -0.000023806 0.000097956 0.000013761 1.000000000 0.000015762 0.000009945 0.000023806 -0.000015762 1.000000000 0.000105199
1.000000000 -0.000109127 -0.000015051 0.000147571 0.000109126 1.000000000 -0.000042286 0.000005380 0.000015056 0.000042285 1.000000000 0.000056815
1.000000000 -0.000019145 -0.000009562 0.000127708 0.000019144 1.000000000 -0.000036970 -0.000043949 0.000009563 0.000036969 1.000000000 -0.000160125
1.000000000 0.000034145 -0.000024532 0.000033160 -0.000034145 1.000000000 0.000010831 0.000081058 0.000024532 -0.000010830 1.000000000 0.000088087
1.000000000 -0.000021050 0.000008318 0.000037325 0.000021050 1.000000000 -0.000041920 0.000008778 -0.000008317 0.000041920 1.000000000 0.000034628
1.000000000 -0.000016687 -0.000016514 0.000102162 0.000016686 1.000000000 -0.000045070 0.000024462 0.000016515 0.000045070 1.000000000 0.000111558
1.000000000 -0.000000746 -0.000003039 0.000020087 0.000000746 1.000000000 0.000006339 0.000045087 0.000003039 -0.000006339 1.000000000 0.000116771
1.000000000 0.000024789 -0.000010025 0.000102263 -0.000024789 1.000000000 -0.000011997 0.000041440 0.000010024 0.000011997 1.000000000 -0.000065587
1.000000000 -0.000009070 -0.000005597 0.000141047 0.000009070 1.000000000 -0.000056413 0.000027655 0.000005597 0.000056413 1.000000000 -0.000152692
1.000000000 -0.000093044 -0.000013055 0.000153043 0.000093043 1.000000000 -0.000055225 0.000086811 0.000013060 0.000055224 1.000000000 0.000016731
1.000000000 -0.000154054 -0.000043586 0.000190661 0.000154052 1.000000000 -0.000042934 0.000032878 0.000043593 0.000042927 1.000000000 -0.000039675
1.000000000 -0.000058472 -0.000008225 0.000040244 0.000058471 1.000000000 -0.000027557 0.000003675 0.000008227 0.000027556 1.000000000 0.000014057
1.000000000 0.000031464 -0.000024958 0.000194437 -0.000031465 1.000000000 -0.000039207 0.000105816 0.000024957 0.000039208 1.000000000 -0.000032061
1.000000000 0.000008500 0.000011907 0.000040563 -0.000008499 1.000000000 -0.000054779 0.000109059 -0.000011907 0.000054779 1.000000000 0.000052226
1.000000000 -0.000030985 -0.000003309 0.000136198 0.000030985 1.000000000 -0.000028058 -0.000027150 0.000003310 0.000028058 1.000000000 0.000049840
1.000000000 -0.000032101 0.000008497 0.000086400 0.000032101 1.000000000 0.000014131 -0.000071654 -0.000008498 -0.000014130 1.000000000 0.000084234
1.000000000 -0.000026988 -0.000017713 0.000078309 0.000026987 1.000000000 -0.000012097 0.000170365 0.000017714 0.000012096 1.000000000 0.000264832
1.000000000 -0.000099447 -0.000017398 0.000120736 0.000099448 1.000000000 0.000013687 0.000018896 0.000017396 -0.000013689 1.000000000 -0.000000508
1.000000000 -0.000037826 -0.000007435 0.000030248 0.000037826 1.000000000 -0.000029443 0.000049340 0.000007436 0.000029443 1.000000000 0.000005460
1.000000000 -0.000033359 -0.000001507 0.000045596 0.000033359 1.000000000 -0.000038239 0.000115381 0.000001508 0.000038239 1.000000000 0.000133241
1.000000000 0.000074250 -0.000017322 0.000068029 -0.000074250 1.000000000 -0.000012851 0.000085766 0.000017321 0.000012852 1.000000000 0.000107079
1.000000000 -0.000015116 -0.000027155 0.000054574 0.000015115 1.000000000 -0.000032193 0.000101500 0.000027155 0.000032193 1.000000000 -0.000023826
1.000000000 -0.000063534 -0.000026165 0.000094413 0.000063533 1.000000000 -0.000044255 0.000181995 0.000026168 0.000044254 1.000000000 0.000133461
1.000000000 -0.000135301 -0.000009424 0.000057991 0.000135301 1.000000000 0.000034872 0.000072847 0.000009419 -0.000034873 1.000000000 0.000243702
1.000000000 -0.000080511 -0.000003682 0.000060259 0.000080511 1.000000000 0.000048015 0.000107201 0.000003678 -0.000048015 1.000000000 0.000186453
1.000000000 -0.000011171 -0.000002640 0.000069160 0.000011171 1.000000000 0.000033405 0.000033971 0.000002640 -0.000033405 1.000000000 0.000113066
1.000000000 -0.000071016 0.000020195 0.000012764 0.000071016 1.000000000 0.000003329 0.000040424 -0.000020196 -0.000003327 1.000000000 0.000013025
1.000000000 -0.000196511 -0.000007369 0.000138931 0.000196511 1.000000000 -0.000002574 -0.000084107 0.000007369 0.000002573 1.000000000 -0.000091191
1.000000000 -0.000067326 0.000029233 -0.000024722 0.000067325 1.000000000 0.000043706 0.000071167 -0.000029236 -0.000043704 1.000000000 0.000164791
1.000000000 -0.000080091 -0.000021373 0.000149082 0.000080091 1.000000000 -0.000006879 0.000082132 0.000021373 0.000006877 1.000000000 0.000046175
1.000000000 -0.000072174 -0.000027082 0.000101913 0.000072173 1.000000000 -0.000030086 0.000026123 0.000027084 0.000030084 1.000000000 0.000004436
1.000000000 -0.000043238 -0.000012558 0.000019574 0.000043238 1.000000000 -0.000019820 0.000152539 0.000012559 0.000019819 1.000000000 0.000211730
1.000000000 -0.000062111 -0.000040754 0.000098562 0.000062111 1.000000000 0.000007464 0.000091991 0.000040753 -0.000007467 1.000000000 0.000127833
1.000000000 0.000069226 -0.000021189 0.000036563 -0.000069226 1.000000000 0.000000407 0.000016906 0.000021189 -0.000000406 1.000000000 0.000004444
1.000000000 0.000015452 -0.000058136 0.000222087 -0.000015455 1.000000000 -0.000053927 0.000273200 0.000058135 0.000053928 1.000000000 0.000205649
1.000000000 0.000061878 -0.000070678 0.000160925 -0.000061882 1.000000000 -0.000060441 0.000111110 0.000070674 0.000060445 1.000000000 -0.000033436
1.000000000 -0.000062169 -0.000059979 0.000186777 0.000062166 1.000000000 -0.000044774 0.000009776 0.000059982 0.000044771 1.000000000 -0.000058570
1.000000000 -0.000025585 -0.000009834 0.000034783 0.000025585 1.000000000 -0.000006238 0.000122912 0.000009835 0.000006238 1.000000000 0.000146564
1.000000000 -0.000074254 -0.000027186 0.000152422 0.000074255 1.000000000 0.000034133 0.000176846 0.000027184 -0.000034135 1.000000000 0.000196716
1.000000000 0.000010541 0.000005873 -0.000018930 -0.000010541 1.000000000 -0.000033055 0.000135164 -0.000005873 0.000033055 1.000000000 0.000259821
1.000000000 -0.000014512 0.000013846 -0.000049198 0.000014512 1.000000000 0.000009948 0.000056419 -0.000013847 -0.000009948 1.000000000 0.000042246
1.000000000 -0.000047506 0.000006323 -0.000007936 0.000047506 1.000000000 0.000034223 0.000090288 -0.000006324 -0.000034222 1.000000000 0.000228309
1.000000000 -0.000090255 -0.000034688 0.000125325 0.000090254 1.000000000 -0.000004157 0.000091751 0.000034688 0.000004154 1.000000000 0.000025385
1.000000000 -0.000050698 -0.000000423 0.000037996 0.000050698 1.000000000 -0.000006668 0.000100487 0.000000423 0.000006668 1.000000000 0.000176106
1.000000000 -0.000128668 -0.000013262 0.000070352 0.000128668 1.000000000 0.000001007 0.000126183 0.000013262 -0.000001009 1.000000000 0.000103832
1.000000000 -0.000055675 -0.000045583 0.000031373 0.000055675 1.000000000 0.000008297 0.000088186 0.000045583 -0.000008299 1.000000000 0.000057740
1.000000000 0.000059757 0.000015871 0.000038482 -0.000059757 1.000000000 -0.000014076 0.000111377 -0.000015872 0.000014075 1.000000000 0.000311453
1.000000000 -0.000019280 -0.000030173 0.000031272 0.000019280 1.000000000 0.000014774 0.000102258 0.000030173 -0.000014775 1.000000000 0.000008230
1.000000000 -0.000006124 0.000008849 0.000027651 0.000006123 1.000000000 0.000014319 0.000051310 -0.000008849 -0.000014319 1.000000000 0.000122996
0.999999940 -0.000289103 -0.000132327 0.000316012 0.000289095 0.999999940 -0.000059884 -0.000029307 0.000132345 0.000059846 1.000000000 0.000110760
0.999999940 -0.000270345 0.000042186 0.000081765 0.000270343 0.999999940 0.000050733 0.000037667 -0.000042200 -0.000050721 1.000000000 0.000616114
1.000000000 -0.000187426 -0.000083735 0.000200136 0.000187422 1.000000000 -0.000042564 0.000161014 0.000083743 0.000042549 1.000000000 0.000327711
0.999999881 -0.000509676 -0.000126473 0.000422850 0.000509683 0.999999881 0.000056052 -0.000015461 0.000126445 -0.000056117 1.000000000 0.000322253
1.000000000 -0.000221699 -0.000085319 0.000267907 0.000221702 1.000000000 0.000037473 0.000046593 0.000085311 -0.000037492 1.000000000 0.000075018
1.000000000 -0.000061253 -0.000026272 0.000021868 0.000061252 1.000000000 -0.000038070 0.000024885 0.000026274 0.000038068 1.000000000 0.000093127
1.000000000 -0.000177722 -0.000007590 0.000018928 0.000177722 1.000000000 0.000012551 0.000029856 0.000007587 -0.000012552 1.000000000 0.000088926
1.000000000 -0.000107206 -0.000088653 0.000107946 0.000107213 1.000000000 0.000084487 0.000131899 0.000088644 -0.000084496 1.000000000 0.000461834
0.999999940 -0.000285561 -0.000074616 0.000139187 0.000285564 0.999999940 0.000045368 0.000082203 0.000074603 -0.000045389 1.000000000 0.000389554
1.000000000 -0.000237454 -0.000028062 0.000125299 0.000237454 1.000000000 -0.000021381 0.000131012 0.000028067 0.000021375 1.000000000 0.000419351
0.999999940 -0.000271811 -0.000017395 0.000017326 0.000271811 0.999999940 0.000026893 0.000050617 0.000017387 -0.000026897 1.000000000 0.000437683
0.999999940 -0.000267183 0.000002328 -0.000109495 0.000267183 0.999999940 0.000042714 -0.000017968 -0.000002339 -0.000042714 1.000000000 0.000211618
0.999999940 -0.000349874 -0.000112611 0.000357457 0.000349869 0.999999940 -0.000049028 -0.000133788 0.000112628 0.000048989 1.000000000 0.000116391
0.999999881 -0.000455808 -0.000040888 0.000224121 0.000455808 0.999999881 -0.000000864 -0.000379342 0.000040889 0.000000845 1.000000000 -0.000102548
0.999999821 -0.000614523 0.000021655 0.000222133 0.000614522 0.999999821 0.000054706 -0.000204601 -0.000021689 -0.000054693 1.000000000 0.000480633
0.999999762 -0.000682738 -0.000044102 0.000285635 0.000682738 0.999999762 0.000005194 -0.000232066 0.000044099 -0.000005225 1.000000000 0.000429855
0.999999642 -0.000851907 -0.000052105 0.000463455 0.000851893 0.999999583 -0.000278475 -0.000145795 0.000052342 0.000278431 0.999999940 0.000202211
0.999999106 -0.001316438 -0.000139007 0.001140254 0.001316396 0.999999106 -0.000299274 -0.001085338 0.000139401 0.000299091 0.999999940 0.000053428
0.999998629 -0.001638460 -0.000234242 0.001344822 0.001638355 0.999998569 -0.000449118 -0.000784834 0.000234978 0.000448734 0.999999881 -0.000050576
0.999998450 -0.001727920 -0.000265894 0.001430864 0.001727829 0.999998450 -0.000340919 -0.000734075 0.000266482 0.000340459 0.999999881 -0.000049267
0.999998152 -0.001856033 -0.000437733 0.001218258 0.001855868 0.999998212 -0.000376903 -0.000934193 0.000438432 0.000376090 0.999999821 -0.000679959
0.999997914 -0.001970766 -0.000496034 0.001084075 0.001970497 0.999997914 -0.000542639 -0.001022565 0.000497103 0.000541661 0.999999702 -0.000713874
0.999997795 -0.002028636 -0.000548063 0.001300297 0.002028447 0.999997854 -0.000346867 -0.001447574 0.000548765 0.000345754 0.999999762 -0.000984022
0.999997795 -0.002015847 -0.000624385 0.001382180 0.002015622 0.999997914 -0.000360447 -0.000904407 0.000625110 0.000359187 0.999999762 -0.000517193
0.999998033 -0.001902757 -0.000512452 0.000987726 0.001902553 0.999998093 -0.000396638 -0.000856954 0.000513206 0.000395662 0.999999762 -0.000402027
0.999998152 -0.001851791 -0.000471987 0.000886375 0.001851587 0.999998212 -0.000431102 -0.000716191 0.000472784 0.000430227 0.999999821 -0.000296756
0.999997735 -0.002069542 -0.000447380 0.001248485 0.002069258 0.999997675 -0.000634415 -0.001161832 0.000448691 0.000633487 0.999999702 0.000004676
0.999997795 -0.002068727 -0.000340877 0.001571098 0.002068297 0.999997079 -0.001256241 -0.001964226 0.000343475 0.001255533 0.999999166 0.001056916
0.999997139 -0.002368033 -0.000276096 0.001879648 0.002367509 0.999995410 -0.001883534 -0.004271481 0.000280555 0.001882875 0.999998212 0.004260696
0.999997795 -0.001971807 -0.000752452 0.000573502 0.001970105 0.999995530 -0.002255550 -0.006461139 0.000756896 0.002254062 0.999997199 0.009872876
0.999998093 -0.001522722 -0.001221459 -0.000631235 0.001519895 0.999996185 -0.002312588 -0.009432308 0.001224975 0.002310727 0.999996603 0.017795172
0.999997854 -0.001114274 -0.001745509 -0.001658358 0.001110292 0.999996781 -0.002280254 -0.011978805 0.001748044 0.002278312 0.999995887 0.028598046
0.999997616 -0.000394787 -0.002150023 -0.003510684 0.000389956 0.999997377 -0.002247002 -0.014233674 0.002150905 0.002246159 0.999995172 0.041017365
0.999996006 0.000002932 -0.002819098 -0.004388280 -0.000008684 0.999997914 -0.002040325 -0.018257210 0.002819086 0.002040341 0.999993920 0.054359809
0.999992907 0.000661088 -0.003701828 -0.007039255 -0.000668723 0.999997675 -0.002061721 -0.021868467 0.003700456 0.002064182 0.999991000 0.069348402
0.999986529 0.001330305 -0.005018682 -0.009369116 -0.001338765 0.999997675 -0.001682612 -0.026558911 0.005016432 0.001689308 0.999985993 0.086266011
0.999978065 0.002079429 -0.006292520 -0.012845931 -0.002088793 0.999996722 -0.001481903 -0.030922972 0.006289418 0.001495014 0.999979079 0.103609510
0.999964833 0.002950996 -0.007852781 -0.016830772 -0.002960276 0.999994934 -0.001170303 -0.035204247 0.007849287 0.001193509 0.999968469 0.123298511
0.999950469 0.003518051 -0.009311177 -0.020654606 -0.003525718 0.999993443 -0.000807141 -0.040275715 0.009308277 0.000839930 0.999956310 0.142540544
0.999926925 0.004486337 -0.011226192 -0.026203921 -0.004491326 0.999989808 -0.000419246 -0.045204502 0.011224197 0.000469636 0.999936879 0.163174048
0.999890745 0.006157757 -0.013436298 -0.033500012 -0.006160368 0.999980986 -0.000152964 -0.050144710 0.013435100 0.000235720 0.999909699 0.183793843
0.999837756 0.008655836 -0.015798552 -0.042069416 -0.008649862 0.999962509 0.000446391 -0.056377944 0.015801823 -0.000309663 0.999875069 0.206477553
0.999768496 0.010505167 -0.018776253 -0.050248619 -0.010490648 0.999944568 0.000871598 -0.061519522 0.018784368 -0.000674421 0.999823332 0.230346367
0.999684751 0.012839165 -0.021576403 -0.061030269 -0.012830162 0.999917507 0.000555605 -0.065904759 0.021581758 -0.000278601 0.999767065 0.255534500
0.999591053 0.014408280 -0.024699878 -0.068910278 -0.014390830 0.999896049 0.000884111 -0.073306091 0.024710050 -0.000528298 0.999694526 0.279950529
0.999493301 0.016036147 -0.027494773 -0.079911426 -0.016030958 0.999871433 0.000409158 -0.078176752 0.027497796 0.000031817 0.999621809 0.309094489
0.999363840 0.017410163 -0.031126071 -0.090746976 -0.017401569 0.999848425 0.000546982 -0.085854270 0.031130876 -0.000004991 0.999515295 0.339351237
0.999198437 0.019844426 -0.034766782 -0.103005610 -0.019821102 0.999803007 0.001015320 -0.093929447 0.034780081 -0.000325390 0.999394953 0.371715486
0.998985112 0.022843894 -0.038817592 -0.117105454 -0.022815809 0.999739051 0.001166295 -0.102025032 0.038834106 -0.000279457 0.999245644 0.406609744
0.998753071 0.025738964 -0.042775970 -0.130713820 -0.025688440 0.999668479 0.001730452 -0.110561818 0.042806324 -0.000629447 0.999083221 0.443719804
0.998508692 0.027149733 -0.047363225 -0.142762080 -0.027084904 0.999631047 0.002010157 -0.119495362 0.047400329 -0.000724331 0.998875737 0.483518273
0.998255014 0.027858941 -0.052065011 -0.154325590 -0.027789077 0.999611616 0.002065490 -0.129236639 0.052102339 -0.000615047 0.998641610 0.525608540
0.997949600 0.028685044 -0.057216823 -0.166673109 -0.028601319 0.999588311 0.002281844 -0.140068635 0.057258721 -0.000640689 0.998359203 0.569956481
0.997618318 0.029866416 -0.062174521 -0.177896366 -0.029763229 0.999553621 0.002585361 -0.150615901 0.062223990 -0.000728689 0.998062015 0.617655516
0.997270763 0.031257667 -0.066887788 -0.190239608 -0.031105999 0.999510586 0.003307990 -0.161431372 0.066958465 -0.001218350 0.997755051 0.668334424
0.996928036 0.031913612 -0.071526051 -0.202364922 -0.031720228 0.999489307 0.003838268 -0.172047377 0.071612023 -0.001557654 0.997431338 0.722155333
0.996622562 0.032949463 -0.075217426 -0.213791803 -0.032675471 0.999454141 0.004870731 -0.184673250 0.075336851 -0.002396515 0.997155249 0.778758764
0.996305883 0.033762001 -0.078960150 -0.224604428 -0.033434864 0.999426007 0.005461842 -0.197069690 0.079099238 -0.002801643 0.996862769 0.837972224
0.995925725 0.034904808 -0.083147891 -0.236229658 -0.034526009 0.999385774 0.005989771 -0.211714238 0.083305903 -0.003094603 0.996519148 0.898405612
0.995441675 0.037537679 -0.087674253 -0.251442790 -0.037101038 0.999289691 0.006605136 -0.225973666 0.087859921 -0.003322223 0.996127307 0.961681366
0.994953871 0.040376339 -0.091849819 -0.263116151 -0.039872475 0.999177992 0.007314862 -0.241400495 0.092069663 -0.003615670 0.995746017 1.025080562
0.994723558 0.042583290 -0.093336731 -0.274583817 -0.042072158 0.999086857 0.007438141 -0.255077094 0.093568243 -0.003472017 0.995606840 1.093354344
0.994544148 0.042682104 -0.095184900 -0.281644017 -0.042086836 0.999079883 0.008253518 -0.271538019 0.095449589 -0.004202457 0.995425403 1.164679289
0.994268358 0.043990277 -0.097443134 -0.288314909 -0.043382484 0.999023676 0.008348398 -0.286809623 0.097715244 -0.004073223 0.995206118 1.238846540
0.993976295 0.046098221 -0.099428974 -0.294857532 -0.045453746 0.998928249 0.008738630 -0.304946303 0.099725254 -0.004166572 0.995006263 1.313944459
0.993780077 0.046799701 -0.101049542 -0.299564868 -0.046307869 0.998901248 0.007208708 -0.324979872 0.101275876 -0.002484481 0.994855344 1.388729215
0.993662894 0.048158523 -0.101561815 -0.303993225 -0.047803652 0.998839200 0.005926470 -0.344810247 0.101729326 -0.001033888 0.994811535 1.465214849
0.993661821 0.049348980 -0.100999132 -0.306904644 -0.049103029 0.998781621 0.004921325 -0.366527796 0.101118945 0.000069230 0.994874358 1.544540524
0.993604362 0.050704684 -0.100893058 -0.309179485 -0.050498776 0.998713613 0.004595462 -0.387006849 0.100996286 0.000528906 0.994886637 1.628147483
0.993495822 0.053010251 -0.100776106 -0.310671270 -0.052744262 0.998593986 0.005303852 -0.407222986 0.100915566 0.000046008 0.994895041 1.714423418
0.993471801 0.054144401 -0.100410677 -0.307944059 -0.053809140 0.998532951 0.006046200 -0.428270727 0.100590751 -0.000603716 0.994927764 1.800901532
0.993728101 0.054220408 -0.097799033 -0.301174492 -0.053859748 0.998528481 0.006326011 -0.446907103 0.097998120 -0.001018903 0.995186090 1.889314055
0.994285226 0.048818927 -0.094940521 -0.286864728 -0.048516419 0.998807251 0.005493344 -0.468654573 0.095095456 -0.000855776 0.995467782 1.984233618
0.994652987 0.045341138 -0.092787899 -0.270723283 -0.045033615 0.998970807 0.005406526 -0.489797413 0.092937544 -0.001199042 0.995671272 2.080898285
0.995183051 0.041936021 -0.088611387 -0.255258530 -0.041659139 0.999119520 0.004972586 -0.509880006 0.088741906 -0.001257159 0.996053874 2.182862043
0.995421588 0.041055866 -0.086315200 -0.244206190 -0.040612034 0.999151230 0.006892477 -0.529720426 0.086524904 -0.003355484 0.996244013 2.286997318
0.995693028 0.040740326 -0.083280630 -0.231710136 -0.040179998 0.999157250 0.008393933 -0.551324308 0.083552428 -0.005011565 0.996490717 2.393681288
0.995992482 0.043455794 -0.078170195 -0.216447383 -0.042864915 0.999038339 0.009221815 -0.575932622 0.078495771 -0.005834099 0.996897340 2.500407934
0.996629596 0.043275222 -0.069690719 -0.197936967 -0.042741526 0.999044359 0.009131926 -0.602338791 0.070019327 -0.006122460 0.997526765 2.608729601
0.997012675 0.042022608 -0.064805523 -0.179077849 -0.041596040 0.999103129 0.007918117 -0.629237473 0.065080136 -0.005198811 0.997866452 2.718087435
0.997453928 0.041617833 -0.057911512 -0.156138808 -0.041192286 0.999114931 0.008523190 -0.658166647 0.058214959 -0.006115982 0.998285294 2.831298828
0.997877479 0.039164770 -0.052026369 -0.126617923 -0.038777828 0.999212384 0.008426567 -0.686678410 0.052315410 -0.006391211 0.998610139 2.946514845
0.998398006 0.034494597 -0.044852212 -0.094672620 -0.034148313 0.999380887 0.008464240 -0.715818644 0.045116417 -0.006919053 0.998957753 3.062556744
0.998842120 0.031328525 -0.036509223 -0.063576348 -0.031077491 0.999489427 0.007423355 -0.743453622 0.036723144 -0.006280144 0.999305665 3.177480936
0.999164939 0.029116113 -0.028664742 -0.028272439 -0.028940186 0.999559820 0.006533449 -0.773584843 0.028842358 -0.005698430 0.999567688 3.297598839
0.999410748 0.027655073 -0.020330163 0.010549746 -0.027539745 0.999603152 0.005931031 -0.803186774 0.020486126 -0.005367649 0.999775648 3.421179771
0.999619186 0.024396749 -0.012892358 0.048464771 -0.024325104 0.999687970 0.005685559 -0.833549619 0.013027050 -0.005369786 0.999900699 3.544090033
0.999765933 0.021192251 -0.004347383 0.088148519 -0.021164361 0.999755859 0.006364493 -0.861572742 0.004481199 -0.006270994 0.999970317 3.669629574
0.999816179 0.018510735 0.005001861 0.132914945 -0.018545011 0.999804199 0.006895731 -0.893762171 -0.004873238 -0.006987222 0.999963760 3.797403336
0.999691665 0.018426448 0.016646592 0.179098368 -0.018538959 0.999806106 0.006629786 -0.927959561 -0.016521201 -0.006936352 0.999839485 3.924861431
0.999511302 0.015492158 0.027150156 0.229175597 -0.015657915 0.999859929 0.005903262 -0.961995661 -0.027054902 -0.006325491 0.999613941 4.053931713
0.999345183 0.010690564 0.034567386 0.283424914 -0.010897432 0.999923646 0.005801550 -0.996518493 -0.034502733 -0.006174447 0.999385536 4.181232929
0.998822212 0.007949721 0.047863450 0.336656809 -0.008202492 0.999953568 0.005086998 -1.030928254 -0.047820780 -0.005473607 0.998840928 4.309227467
0.998241305 0.003997771 0.059145406 0.397770524 -0.004302121 0.999978185 0.005019346 -1.065744519 -0.059124049 -0.005264970 0.998236716 4.440157890
0.997575283 -0.001695492 0.069573991 0.460801810 0.001305730 0.999983191 0.005647218 -1.100725889 -0.069582395 -0.005542682 0.997560740 4.572215080
0.996713877 -0.005248249 0.080831841 0.523750782 0.004804488 0.999972403 0.005683442 -1.136481404 -0.080859423 -0.005276410 0.996711493 4.702850342
0.995567381 -0.010370013 0.093476921 0.594611526 0.010101698 0.999943376 0.003343107 -1.176161408 -0.093506299 -0.002384012 0.995615780 4.831485271
0.994095325 -0.014988293 0.107470386 0.669960320 0.014987209 0.999887288 0.000817818 -1.217700481 -0.107470535 0.000797693 0.994207919 4.958884716
0.992423832 -0.019080440 0.121371485 0.746409118 0.019707238 0.999797881 -0.003965937 -1.258162618 -0.121271282 0.006327787 0.992599249 5.086691380
0.990485013 -0.020190006 0.136131644 0.819896638 0.021313265 0.999749720 -0.006798678 -1.297577024 -0.135960311 0.009635397 0.990667403 5.214357376
0.988530815 -0.021636022 0.149461240 0.898233056 0.023153229 0.999696493 -0.008418393 -1.336638570 -0.149233729 0.011782350 0.988731742 5.346832752
0.986464262 -0.022594957 0.162411854 0.978111327 0.024168596 0.999678075 -0.007719710 -1.373990059 -0.162185162 0.011540482 0.986692846 5.479330540
0.983743310 -0.022497715 0.178165480 1.062339902 0.023959670 0.999694526 -0.006057969 -1.407996535 -0.177974731 0.010228271 0.983981848 5.613685608
0.980355144 -0.021644663 0.196049199 1.150129557 0.023053564 0.999722183 -0.004907110 -1.440503120 -0.195888519 0.009330342 0.980581760 5.749714375
0.977335155 -0.025337525 0.210175782 1.246793151 0.026676334 0.999637902 -0.003536907 -1.473290086 -0.210010037 0.009063464 0.977657199 5.885899544
0.974228561 -0.030449945 0.223498315 1.348256230 0.031901073 0.999486923 -0.002884238 -1.506751180 -0.223295823 0.009939744 0.974700034 6.018785954
0.970459461 -0.037572499 0.238320783 1.457147002 0.039419115 0.999218404 -0.002985583 -1.544785976 -0.238022298 0.012291782 0.971181929 6.147819996
0.965996265 -0.047443688 0.254165858 1.570696712 0.050385222 0.998716891 -0.005071951 -1.584445357 -0.253599107 0.017705686 0.967147350 6.269489288
0.960950375 -0.057316270 0.270719767 1.694936752 0.061802689 0.998055756 -0.008069172 -1.627068281 -0.269730926 0.024485284 0.962624431 6.392556667
0.955109298 -0.064226232 0.289207876 1.821428299 0.069911644 0.997509241 -0.009360027 -1.668084860 -0.287886411 0.029158847 0.957220554 6.514631748
0.949655831 -0.069528796 0.305482298 1.948955178 0.076360360 0.997025430 -0.010455847 -1.707948565 -0.303846657 0.033256195 0.952140331 6.636316776
0.942318022 -0.075760655 0.326032400 2.072213888 0.083953068 0.996407747 -0.011109281 -1.744144917 -0.324019581 0.037839897 0.945293307 6.757542133
0.936538637 -0.085055649 0.340089798 2.206103086 0.093736961 0.995554984 -0.009146715 -1.782161355 -0.337800145 0.040445231 0.940348387 6.879956245
0.929327011 -0.089301132 0.358296782 2.346659184 0.098438501 0.995116353 -0.007302756 -1.818464637 -0.355894834 0.042056851 0.933579087 7.000163078
0.920521796 -0.096701637 0.378534764 2.491561651 0.106436245 0.994307816 -0.004823004 -1.851837397 -0.375913709 0.044729497 0.925574481 7.116056919
0.912332118 -0.106171377 0.395446330 2.640130281 0.117461503 0.993067741 -0.004371050 -1.885161638 -0.392240882 0.050437562 0.918478727 7.235478878
0.903281569 -0.113094188 0.413874537 2.793358803 0.125691563 0.992064118 -0.003233316 -1.919094443 -0.410224468 0.054941136 0.910328209 7.352236748
0.894186676 -0.119499087 0.431451261 2.948853493 0.132790178 0.991144001 -0.000691671 -1.953013182 -0.427547604 0.057910975 0.902135968 7.467487335
0.885125518 -0.122990713 0.448805213 3.103233576 0.137197971 0.990543365 0.000869396 -1.988646388 -0.444667935 0.060805649 0.893629253 7.579006195
0.873711705 -0.123091266 0.470612735 3.259880781 0.138515756 0.990358472 0.001873426 -2.025969744 -0.466305912 0.063550428 0.882337868 7.691733360
0.863721132 -0.122648031 0.488818288 3.423393250 0.138845325 0.990309119 0.003141912 -2.060858250 -0.484466583 0.065156408 0.872380018 7.804680824
0.852152765 -0.122313902 0.508797646 3.587869406 0.137433931 0.990479171 0.007929832 -2.094200134 -0.504923403 0.063168630 0.860849619 7.918301105
0.840989292 -0.126477346 0.526061416 3.761533499 0.142139360 0.989788413 0.010736716 -2.125772715 -0.522047341 0.065744549 0.850378811 8.027172089
0.829139292 -0.133278504 0.542922497 3.944312096 0.151455149 0.988399088 0.011336666 -2.156873703 -0.538135111 0.072828725 0.839706302 8.129977226
0.816043139 -0.138096556 0.561251223 4.132094383 0.158203110 0.987322211 0.012909085 -2.189060211 -0.555918574 0.078257315 0.827544868 8.227433205
0.802015007 -0.142213181 0.580127001 4.321726322 0.165764526 0.986085296 0.012563931 -2.223350286 -0.573841512 0.086088024 0.814429104 8.320696831
0.788380563 -0.145966128 0.597620249 4.515418053 0.172630578 0.984903097 0.012824024 -2.256911278 -0.590469956 0.093057320 0.801676691 8.414643288
0.774601042 -0.144491479 0.615723550 4.710238457 0.171942294 0.984995186 0.014839021 -2.288530827 -0.608628869 0.094374605 0.787822485 8.511921883
0.759460568 -0.151018277 0.632782221 4.908771515 0.177607790 0.983863354 0.021642940 -2.313938379 -0.625839770 0.095950089 0.774027288 8.607202530
0.747480094 -0.158312768 0.645143867 5.114428997 0.185773283 0.982254028 0.025795039 -2.337165833 -0.637778759 0.100569196 0.763625562 8.704003334
0.732173145 -0.162008971 0.661570609 5.319529533 0.186013788 0.981937826 0.034597117 -2.358812094 -0.655226231 0.097730167 0.749084353 8.799907684
0.717166007 -0.167308539 0.676520944 5.528931618 0.191008136 0.980770350 0.040067755 -2.382440329 -0.670215428 0.100485787 0.735332489 8.892964363
0.705390275 -0.173099771 0.687357962 5.743037224 0.195544124 0.979614258 0.046025593 -2.404916048 -0.681312740 0.101942793 0.724859059 8.987202644
0.692032576 -0.177607208 0.699676037 5.960710049 0.201812789 0.978212357 0.048703339 -2.429937601 -0.693081915 0.107499272 0.712798238 9.075246811
0.676692903 -0.178915441 0.714196026 6.177037716 0.205645785 0.977348804 0.049991507 -2.455775023 -0.706962883 0.113042504 0.698158205 9.157297134
0.662187099 -0.182329446 0.726817846 6.403249741 0.211327389 0.976014733 0.052307401 -2.481464386 -0.718922079 0.118959226 0.684835553 9.242989540
0.647390425 -0.182125390 0.740078390 6.627396584 0.211028144 0.975899756 0.055559661 -2.508223057 -0.732361138 0.120208576 0.670221686 9.331533432
0.632508934 -0.183357686 0.752537191 6.852825642 0.209695444 0.975829780 0.061514098 -2.532221794 -0.745627403 0.118895404 0.655670524 9.421927452
0.623198867 -0.187330648 0.759295940 7.085703850 0.213249132 0.974801481 0.065473273 -2.555346489 -0.752427936 0.121116310 0.647443354 9.510537148
0.609663963 -0.191541746 0.769169331 7.321105957 0.214821532 0.973975778 0.072270237 -2.578847647 -0.762995005 0.121173561 0.634945273 9.595428467
0.594497621 -0.197473302 0.779472232 7.561457634 0.223695353 0.971725166 0.075568341 -2.598955154 -0.772355437 0.129439116 0.621862292 9.672073364
0.584244668 -0.203506336 0.785648406 7.807175159 0.231926590 0.969546795 0.078670159 -2.626927853 -0.777732670 0.136250079 0.613651097 9.751743317
0.571006954 -0.202594712 0.795554161 8.049233437 0.236127436 0.968650937 0.077195421 -2.655129194 -0.786253631 0.143773049 0.600944638 9.828499794
0.559659123 -0.200168610 0.804185510 8.294301987 0.236919746 0.968536556 0.076196782 -2.684688330 -0.794135273 0.147883192 0.589474142 9.910167694
0.549734533 -0.200032189 0.811035812 8.539747238 0.238098100 0.968152463 0.077395983 -2.711018085 -0.800688028 0.150558829 0.579854071 9.994389534
0.539499700 -0.198206991 0.818323910 8.789595604 0.233692601 0.968961895 0.080625750 -2.737941265 -0.808905244 0.147738695 0.569074214 10.083475113
0.527166843 -0.197464824 0.826500356 9.043561935 0.230576962 0.969375432 0.084531166 -2.764683962 -0.817881167 0.146009922 0.556553245 10.173999786
0.518597841 -0.200780690 0.831109762 9.299946785 0.229077518 0.969127953 0.091183022 -2.788586378 -0.823759556 0.143101260 0.548581958 10.262179375
0.509878576 -0.202805251 0.835998774 9.562026978 0.230479077 0.968489826 0.094376296 -2.814301968 -0.828796327 0.144559786 0.540554583 10.345767975
0.502179682 -0.202564687 0.840703905 9.824625015 0.233644500 0.967804015 0.093625568 -2.844565630 -0.832601845 0.149408996 0.533339679 10.422771454
0.490597963 -0.204628840 0.847018659 10.092532158 0.243117362 0.965580404 0.092456914 -2.872130632 -0.836784065 0.160565749 0.523460686 10.496506691
0.484875679 -0.203654602 0.850541234 10.361441612 0.248658627 0.964476943 0.089180462 -2.903735399 -0.838489413 0.168252975 0.518291891 10.575985909
0.478574306 -0.203023225 0.854253113 10.628883362 0.247683778 0.964605629 0.090491109 -2.934937239 -0.842389107 0.168277860 0.511921108 10.657678604
0.471178085 -0.197697222 0.859597027 10.901550293 0.245458767 0.965450168 0.087496869 -2.971946239 -0.847196102 0.169769004 0.503425539 10.741069794
0.463915199 -0.193809375 0.864419222 11.172502518 0.238725901 0.967027903 0.088695936 -3.007942915 -0.853107631 0.165211856 0.494886309 10.825644493
0.453905433 -0.187996745 0.870992005 11.453347206 0.233941972 0.968341827 0.087093294 -3.044131756 -0.859791279 0.164229497 0.483515948 10.908841133
0.445889562 -0.187728032 0.875180423 11.738016129 0.231976748 0.968588114 0.089575998 -3.078096151 -0.864505291 0.163080484 0.475431859 10.991802216
0.439093709 -0.185246781 0.879136145 12.026297569 0.230077267 0.969068170 0.089282304 -3.110806227 -0.868482113 0.163065940 0.468132764 11.072153091
0.431366086 -0.184177279 0.883177221 12.321871758 0.233352870 0.968404293 0.087975062 -3.145093679 -0.871475637 0.168142453 0.460715055 11.149459839
0.427575350 -0.183872387 0.885082006 12.619199753 0.233884722 0.968258739 0.088164397 -3.178422689 -0.873199463 0.169310182 0.457008481 11.228278160
0.420389175 -0.179520026 0.889407396 12.923230171 0.235158339 0.968295038 0.084292464 -3.217512131 -0.876340985 0.173715904 0.449276417 11.304139137
0.409787744 -0.177584678 0.894727767 13.229434013 0.232352987 0.968833148 0.085874766 -3.254257679 -0.882092059 0.172702223 0.438278228 11.380424500
0.404561400 -0.177636579 0.897092700 13.543876648 0.235134691 0.968179524 0.085674182 -3.294047594 -0.883765697 0.176277146 0.433456630 11.455557823
0.396940202 -0.178520203 0.900316119 13.860208511 0.239539310 0.967057526 0.086143702 -3.329435825 -0.886035740 0.181467190 0.426626652 11.528323174
0.392503381 -0.179649293 0.902034938 14.177357674 0.238633960 0.967044771 0.088759571 -3.363803148 -0.888253748 0.180417761 0.422438830 11.605335236
0.387721539 -0.177824512 0.904461443 14.504473686 0.238094211 0.967237949 0.088101454 -3.400302649 -0.890496016 0.181188181 0.417357981 11.687799454
0.384279311 -0.177528039 0.905987382 14.830645561 0.234030530 0.968015850 0.090417176 -3.437097073 -0.893061578 0.177283257 0.413535416 11.773629189
0.381277174 -0.176931724 0.907371342 15.164364815 0.236307159 0.967559636 0.089371823 -3.478490114 -0.893748641 0.180342928 0.410718650 11.855935097
0.377690256 -0.174590766 0.909322917 15.499777794 0.238285288 0.967312813 0.086752333 -3.522919893 -0.894745886 0.183912739 0.406947047 11.937322617
0.374860376 -0.174494654 0.910511553 15.841165543 0.236677855 0.967595339 0.087993495 -3.571926594 -0.896361172 0.182512656 0.404012173 12.023719788
0.373615265 -0.171928301 0.911510885 16.183448792 0.242483065 0.966604650 0.082929693 -3.622809649 -0.895328760 0.190042153 0.402828008 12.108170509
0.378238618 -0.169251665 0.910104036 16.529129028 0.244572476 0.966481328 0.078091964 -3.679279566 -0.892815650 0.193048999 0.406954825 12.198743820
0.376419067 -0.159471154 0.912621319 16.870262146 0.238378525 0.968578815 0.070927747 -3.736619949 -0.895256579 0.190850809 0.402605951 12.284687042
0.369078308 -0.152215287 0.916848898 17.222415924 0.236610845 0.969381452 0.065688856 -3.796589613 -0.898774981 0.192692056 0.393793434 12.378705978
0.368582487 -0.147773311 0.917774439 17.574989319 0.226473033 0.971811175 0.065521225 -3.848823309 -0.901585698 0.183701217 0.391659230 12.479276657
0.369933635 -0.146902114 0.917370677 17.939291000 0.222380877 0.972717285 0.066088937 -3.897328138 -0.902050912 0.179557174 0.392509073 12.584522247
0.369287908 -0.153690040 0.916518331 18.304548264 0.226330787 0.971407890 0.071700178 -3.937172413 -0.901332796 0.180958331 0.393513948 12.681081772
0.372911155 -0.162365094 0.913550735 18.678745270 0.238889143 0.968180060 0.074559897 -3.978977203 -0.896587551 0.190433145 0.399832457 12.773170471
0.376799703 -0.167486653 0.911026955 19.050752640 0.253197730 0.964684308 0.072628945 -4.030003071 -0.891017914 0.203303382 0.405900002 12.864678383
0.379021108 -0.163778499 0.910779715 19.418220520 0.251177192 0.965472400 0.069086090 -4.101243496 -0.890647590 0.202581957 0.407071859 12.968878746
0.376154721 -0.151330665 0.914115191 19.776632309 0.227062196 0.971544981 0.067402899 -4.178829670 -0.898304164 0.182207122 0.399812758 13.081583977
0.369698226 -0.140105888 0.918527901 20.145462036 0.209592953 0.975661695 0.064461589 -4.256037712 -0.905203819 0.168685660 0.390065581 13.196437836
0.372828424 -0.134355605 0.918121696 20.510976791 0.209794208 0.976045132 0.057639297 -4.322336674 -0.903872430 0.171127051 0.392084360 13.299459457
0.379464984 -0.133020192 0.915593743 20.886383057 0.213620827 0.975467920 0.053184398 -4.384266853 -0.900206923 0.175408274 0.398571759 13.402917862
0.380364209 -0.130131453 0.915635765 21.266632080 0.218739584 0.974619269 0.047647677 -4.440011024 -0.898596704 0.182162315 0.399175197 13.508364677
0.382577449 -0.131434441 0.914526939 21.649299622 0.221112758 0.974090993 0.047495972 -4.496708870 -0.897074997 0.184042677 0.401727110 13.617242813
0.384248257 -0.133808881 0.913481474 22.026508331 0.215662882 0.975076199 0.052114617 -4.556136131 -0.897687495 0.176979125 0.403528929 13.733004570
0.379775584 -0.134356216 0.915269852 22.411079407 0.199211076 0.978061557 0.060914431 -4.623453617 -0.903374493 0.159198090 0.398209125 13.861068726
0.380591571 -0.132599622 0.915187001 22.790493011 0.189173877 0.979900837 0.063305654 -4.691690922 -0.905186892 0.149035916 0.398026377 13.979398727
0.383218348 -0.129258215 0.914568782 23.177801132 0.186628938 0.980572760 0.060386386 -4.762982368 -0.904606819 0.147543818 0.399896830 14.092852592
0.383413881 -0.126053348 0.914934039 23.564363480 0.191934869 0.979889333 0.054569859 -4.834163666 -0.903412819 0.154684961 0.399897188 14.195472717
0.383335531 -0.125155732 0.915090024 23.959171295 0.197583139 0.978952229 0.051121563 -4.904194355 -0.902227640 0.161209658 0.399995804 14.299793243
0.382882088 -0.123183288 0.915547490 24.348014832 0.200144410 0.978591621 0.047965188 -4.974252701 -0.901855588 0.164876744 0.399339646 14.404504776
0.380127430 -0.120107353 0.917102695 24.743049622 0.194364369 0.979766428 0.047752485 -5.049321651 -0.904281855 0.160100043 0.395780653 14.519073486
0.378450394 -0.117213815 0.918170035 25.131786346 0.182451919 0.981934905 0.050151207 -5.121757030 -0.907461643 0.148542151 0.392999530 14.636194229
0.378310204 -0.113761105 0.918661952 25.529991150 0.178759485 0.982717335 0.048079133 -5.195897102 -0.908254623 0.146030739 0.392107904 14.750844955
0.381997287 -0.114120573 0.917090297 25.924282074 0.180189669 0.982498527 0.047205087 -5.269584656 -0.906426907 0.147217974 0.395875126 14.860055923
0.380922377 -0.112790599 0.917701662 26.327157974 0.184703141 0.981808782 0.044002585 -5.345921516 -0.905970693 0.152740806 0.394825757 14.963698387
0.378504604 -0.110263817 0.919008195 26.726133347 0.191189811 0.980780721 0.038931541 -5.421342850 -0.905638278 0.160969213 0.392311364 15.064281464
0.379178315 -0.111648053 0.918563306 27.131330490 0.196094021 0.979842722 0.038149729 -5.500541687 -0.904306948 0.165659204 0.393428653 15.169678688
0.378643990 -0.109501667 0.919041872 27.529273987 0.194947541 0.980135679 0.036462709 -5.581001759 -0.904778540 0.165358573 0.392469585 15.275514603
0.376096100 -0.107594579 0.920312405 27.934841156 0.194258839 0.980317771 0.035223763 -5.661516666 -0.905988574 0.165531293 0.389594883 15.383105278
0.378717244 -0.106698841 0.919341385 28.332101822 0.196753040 0.979908526 0.032676991 -5.739509583 -0.904356956 0.168507889 0.392101467 15.486958504
0.376969874 -0.104997210 0.920255005 28.738430023 0.196376339 0.980026603 0.031373996 -5.821331501 -0.905168474 0.168889254 0.390059471 15.594374657
0.377115786 -0.103659771 0.920346856 29.139945984 0.198885828 0.979598224 0.028839055 -5.903377056 -0.904559553 0.172168300 0.390038460 15.697808266
0.379534006 -0.101872526 0.919552028 29.543991089 0.204633594 0.978545606 0.023948083 -5.992191315 -0.902263284 0.179082140 0.392237872 15.797242165
0.377391666 -0.100082114 0.920629740 29.945480347 0.210436031 0.977403224 0.019990396 -6.077587605 -0.901827157 0.186189488 0.389924705 15.894250870
0.378635556 -0.098060228 0.920336545 30.347457886 0.212906167 0.976933300 0.016498797 -6.168813229 -0.900725365 0.189698309 0.390779346 15.993047714
0.376981944 -0.094774842 0.921358943 30.750820160 0.215163976 0.976499081 0.012410594 -6.254142761 -0.900882363 0.193564713 0.388514668 16.091499329
0.376097262 -0.094195150 0.921779871 31.156435013 0.215480492 0.976436079 0.011861723 -6.340128899 -0.901176393 0.194164440 0.387532175 16.192975998
0.375533998 -0.091797136 0.922251344 31.560110092 0.217979491 0.975917399 0.008379161 -6.425803661 -0.900810301 0.197885215 0.386500061 16.291013718
0.373479664 -0.090977274 0.923166335 31.965553284 0.220674470 0.975323617 0.006840413 -6.512384415 -0.901008248 0.201164469 0.384339929 16.391214371
0.374131829 -0.092303701 0.922770500 32.371746063 0.221802965 0.975061834 0.007605668 -6.597923756 -0.900460362 0.201827690 0.385274857 16.489046097
0.373080075 -0.092891499 0.923137248 32.779918671 0.223671347 0.974634349 0.007678105 -6.684039593 -0.900434613 0.203614801 0.384393811 16.589527130
0.371980995 -0.094805427 0.923386216 33.185276031 0.222353205 0.974909365 0.010521629 -6.765961170 -0.901215374 0.201404035 0.383728057 16.692760468
